{"node": 12, "alphas": [0.0, 0.005637139371747268, 0.0, 0.01571624483073319, 0.14461493374780163, 0.1002709396789753, 0.018339903267017076, 0.0, 0.0, 0.016541884944963985, 0.015736805713259094, 0.0, 0.0, 0.015726802340853465, 0.015716636482803192, 0.015721593188661908, 0.015726411954286014, 0.0, 0.015716244840660983, 0.015716114309347648, 0.08547172732288563, 0.0, 0.08154870043659393, 0.15476770605878304, 0.016503074996700763, 0.01640315576251207, 0.01672844426423021, 0.016711840845496335, 0.01683164458109029, 0.01675416342539592, 0.0, 0.01887503812709692, 0.0655406750318634, 0.0, 0.016606524229084332, 0.0, 0.016238305353294933, 0.016557760472893444, 0.016399518015880486, 0.01688006640508761, 0.0], "model_0": {"nlabel": 5, "ncomponent": 4, "means": [[0.0, 3.556182147418449, 7.2070751583544865, -0.8896133701492397], [1.601952122242166, -0.18500572041526456, 2.743303659694903, -0.2790932295911299], [1.0, 0.0, 1.5914498842636622, -0.9524001316679962], [9.238922628034715, 2.76508184167574, -0.9112411745755973, -5.861796132344899], [3.0757504780656575, -5.33896950610697, -7.994621270633963, -6.693050979275031]], "stds": [[0.4714045207910317, 1.0, 1.0, 1.0], [1.0, 1.0, 1.0, 1.0], [0.4714045207910317, 0.4714045207910317, 1.0, 1.0], [1.0, 1.0, 1.0, 1.0], [1.0, 1.0, 1.0, 1.0]], "weights": [[0.75, 0.08333333333333333, 0.08333333333333333, 0.08333333333333333], [1.0, 1.0, 1.0, 1.0], [0.45, 0.45, 0.05, 0.05], [1.0, 1.0, 1.0, 1.0], [1.0, 1.0, 1.0, 1.0]]}, "model_1": {"nlabel": 5, "ncomponent": 4, "means": [[0.0, -3.855315555972708, -3.3604630350494826, -2.0105243327078517], [-1.0, -0.04717604598087449, 4.074198369107504, 0.9953503452726048], [0.0, 3.486018083988168, 2.300208237355405, 7.666473082730167], [1.087218430673481, -4.788469200769222, 5.592430777282145, 3.3683655284647616], [-1.0, 0.0, 1.0, 5.18548759454212]], "stds": [[0.016085155024444697, 1.0, 1.0, 1.0], [0.01331618130162873, 0.34349118836915277, 1.0, 0.10457563966326426], [0.34299717028501764, 1.0, 1.0, 1.0], [0.5074286079731337, 1.0, 1.0, 1.0], [0.03979360846596703, 0.4714045207910317, 0.10101525445522101, 1.0]], "weights": [[0.9996120522436311, 0.000129315918789603, 0.000129315918789603, 0.000129315918789603], [0.9903415576433401, 0.000790236192817631, 8.780402142418122e-05, 0.008780402142418122], [0.85, 0.05, 0.05, 0.05], [0.5714285714285714, 0.14285714285714285, 0.14285714285714285, 0.14285714285714285], [0.8597685500340367, 0.006126616746085773, 0.13342409802586794, 0.0006807351940095302]]}, "model_2": {"nlabel": 5, "ncomponent": 4, "means": [[3.0, -7.719111486758159, 0.5245531186499631, -1.4244696698052353], [2.9854974464818853, -1.3982245436583696, -6.760352299974096, 7.2798109483864915], [3.0, -3.7714576906573356, -9.078282910875606, 5.391300614137177], [2.890838268581633, -6.978913290664077, -1.5147499276242828, 5.1874003754532865], [3.0, -7.641107659307, 0.2687960849918704, -0.14004446333967613]], "stds": [[0.7071067811865476, 1.0, 1.0, 1.0], [0.18213409141441692, 1.0, 1.0, 1.0], [0.34299717028501764, 1.0, 1.0, 1.0], [1.0, 1.0, 1.0, 1.0], [0.34299717028501764, 1.0, 1.0, 1.0]], "weights": [[0.5714285714285714, 0.14285714285714285, 0.14285714285714285, 0.14285714285714285], [0.9166666666666666, 0.027777777777777776, 0.027777777777777776, 0.027777777777777776], [0.85, 0.05, 0.05, 0.05], [1.0, 1.0, 1.0, 1.0], [0.85, 0.05, 0.05, 0.05]]}, "model_3": {"nlabel": 5, "ncomponent": 4, "means": [[3.0, 1.5019692574419639, -1.560843220000872, -3.3066818924493884], [-1.4005615509776304, -1.7058266507987885, -1.8736331101579096, -0.8535120046927168], [-2.380009708417607, 10.576180267094031, 8.939403881526603, 5.7837778416751515], [-1.2563591144139425, -2.808957538641396, -3.803197557328337, -1.7250974505054195], [0.03781224973323598, -6.154728210370428, 1.597636139020332, 9.22381631843572]], "stds": [[0.009115804370082397, 1.0, 1.0, 1.0], [1.0, 1.0, 1.0, 1.0], [1.0, 1.0, 1.0, 1.0], [1.0, 1.0, 1.0, 1.0], [1.0, 1.0, 1.0, 1.0]], "weights": [[0.9998753687009264, 4.1543766357858004e-05, 4.1543766357858004e-05, 4.1543766357858004e-05], [1.0, 1.0, 1.0, 1.0], [1.0, 1.0, 1.0, 1.0], [1.0, 1.0, 1.0, 1.0], [1.0, 1.0, 1.0, 1.0]]}, "model_4": {"nlabel": 5, "ncomponent": 4, "means": [[302.0, 224.0, 196.0, 642.0], [54540.0, 1032.0, 0.0, 1480.0], [334.0, 676.0, 1196.0, 1194.0], [135.0, 269.0, 1559.0, 0.000678900548721418], [18.0, 0.0, 1.0, 8.0]], "stds": [[0.999718043214342, 0.999717997778661, 0.999718043214342, 0.9999194295611633], [0.011299254697492316, 0.004712343835328905, 0.012418288717529214, 0.9972725450862864], [0.04771109657748905, 0.9976434910858613, 0.9976466600426012, 0.9976403135831049], [0.9654215840509555, 0.9897433186107871, 0.9632419486019033, 0.10162982958600962], [0.18140975408749516, 0.009900504839612967, 0.9984836989003358, 0.016471089784764695]], "weights": [[0.2500251736985198, 0.24998489578088812, 0.2500251736985198, 0.2499647568220723], [0.13055907454327242, 0.7506417522336312, 0.10808941192158955, 0.010709761301506868], [0.4961599277162864, 0.16794669076123786, 0.16817257736616217, 0.16772080415631352], [0.2607594936708861, 0.2481012658227848, 0.24556962025316456, 0.24556962025316456], [0.08162393162393163, 0.6228327228327228, 0.07051282051282051, 0.22503052503052504]]}, "model_5": {"nlabel": 5, "ncomponent": 4, "means": [[636.0, 170.0, 283.0, 76.0], [8314.0, 0.0, 7300.0, 2920.0], [2449.0, 2447.0, 2451.0, -1.826367028081882e-05], [2732.0, 1290.0, 2333.0, 233.0], [192.0, 4.0, -1.0644797403365538e-05, 74.0]], "stds": [[0.9998555643814233, 0.9998555643814233, 0.9998556060926702, 0.9998555435167616], [0.011336950397524035, 0.004385437685863931, 0.3114721903687943, 0.9054100959567798], [0.9891429400589912, 0.9966863814215348, 0.8507542368601992, 0.013171088725990453], [0.9660917830792961, 0.9660917830792961, 0.9660917830792961, 0.9643650760992956], [0.9471318934179187, 0.8770580193070293, 0.0056797909084386495, 0.983192080250175]], "weights": [[0.24999097375166984, 0.24999097375166984, 0.250063183738311, 0.24995486875834927], [0.1296814840742037, 0.8666516659166291, 0.0022334450055836127, 0.0014334050035835124], [0.11854407836153161, 0.11776491540516473, 0.1188780053428317, 0.644813000890472], [0.25301204819277107, 0.25301204819277107, 0.25301204819277107, 0.24096385542168675], [0.0020700152207001523, 0.0019786910197869103, 0.9941248097412481, 0.0018264840182648401]]}, "model_6": {"nlabel": 5, "ncomponent": 4, "means": [[0.0, 5.124521940248211, 9.699445193218066, -2.4257205464819873], [-7.818931719397707e-06, -12.166167002676664, -4.890088063718368, -4.349488991822551], [0.0, 3.0852574790677694, 2.7224500070057833, -5.8359983085557365], [0.0, -15.247385494660184, 8.07168341288327, 4.925375502159052], [0.0, 14.004934000313565, 4.595371161232108, 2.2903375132329176]], "stds": [[0.2672612419124244, 1.0, 1.0, 1.0], [0.004840678177986031, 1.0, 1.0, 1.0], [0.024303651047183832, 1.0, 1.0, 1.0], [0.1128665295966201, 1.0, 1.0, 1.0], [0.012734979195200025, 1.0, 1.0, 1.0]], "weights": [[0.9032258064516129, 0.03225806451612903, 0.03225806451612903, 0.03225806451612903], [0.9999333644299327, 2.2211856689100642e-05, 2.2211856689100642e-05, 2.2211856689100642e-05], [0.9991147831218649, 0.00029507229271171436, 0.00029507229271171436, 0.00029507229271171436], [0.98125, 0.00625, 0.00625, 0.00625], [0.999756789623024, 8.107012565869477e-05, 8.107012565869477e-05, 8.107012565869477e-05]]}, "model_7": {"nlabel": 5, "ncomponent": 4, "means": [[0.0, 8.28375465457129, 5.87139604057401, 6.349904903563896], [0.0, 7.187728436652181, 1.171196882578298, -3.5633229724853632], [0.007373661554404413, -1.1017091681469815, 3.178147526977935, 2.9163497056815584], [2.366452839134668, -9.875582591690623, -11.537865182273901, -4.0689363897317214], [0.0020411344880037524, 11.030850936235204, 7.441593875767491, -1.705807149590791]], "stds": [[0.7071067811865476, 1.0, 1.0, 1.0], [0.24618298195866548, 1.0, 1.0, 1.0], [0.24327266137216544, 1.0, 1.0, 1.0], [1.0, 1.0, 1.0, 1.0], [0.24259218049017245, 1.0, 1.0, 1.0]], "weights": [[0.5714285714285714, 0.14285714285714285, 0.14285714285714285, 0.14285714285714285], [0.9166666666666666, 0.027777777777777776, 0.027777777777777776, 0.027777777777777776], [0.85, 0.05, 0.05, 0.05], [1.0, 1.0, 1.0, 1.0], [0.85, 0.05, 0.05, 0.05]]}, "model_8": {"nlabel": 5, "ncomponent": 4, "means": [[0.0, -7.468821280582291, 2.8032351863275244, -2.30933193007446], [0.0, 2.0251716030764686, 5.006790443585492, 2.0979276457531233], [0.0, 0.7459790536172852, -5.552983905692788, -1.2749251265260277], [-0.030990824229047066, -7.727727887300759, 5.239793121229605, -3.0823940389777844], [0.0, -3.785272727300517, 0.8436662075825002, -1.6961847281367666]], "stds": [[0.7071067811865476, 1.0, 1.0, 1.0], [0.24618298195866548, 1.0, 1.0, 1.0], [0.34299717028501764, 1.0, 1.0, 1.0], [1.0, 1.0, 1.0, 1.0], [0.34299717028501764, 1.0, 1.0, 1.0]], "weights": [[0.5714285714285714, 0.14285714285714285, 0.14285714285714285, 0.14285714285714285], [0.9166666666666666, 0.027777777777777776, 0.027777777777777776, 0.027777777777777776], [0.85, 0.05, 0.05, 0.05], [1.0, 1.0, 1.0, 1.0], [0.85, 0.05, 0.05, 0.05]]}, "model_9": {"nlabel": 5, "ncomponent": 4, "means": [[30.0, -4.022071847503577, 3.2353280014949406e-05, -1.2365857083223295e-06], [2.0, 1.0, -4.5635679476386874, -1.5068198146159864], [28.0, 20.0, 4.0, 1.0], [1.0, 3.0021306985103093, 3.001955827704629, 5.0], [1.0, -0.2971321774299789, 1.5974355811127896, -4.256879553290921]], "stds": [[0.3779644730092272, 1.0, 0.009745323648990015, 0.00895568350715131], [0.01853600757188665, 0.11076975512434219, 1.0, 1.0], [0.04914731871829916, 0.992779688949853, 0.992779688949853, 0.16903085094570353], [0.565685424949238, 0.2064485813712821, 0.2064028921023492, 0.9354143466934853], [0.3922322702763681, 1.0, 1.0, 1.0]], "weights": [[0.0002924037678314083, 2.0885983416529166e-05, 0.49984335512437605, 0.49984335512437605], [0.9724356832609422, 0.027230203808887403, 0.0001670564650851988, 0.0001670564650851988], [0.6463700234192038, 0.10850897736143637, 0.10850897736143637, 0.1366120218579235], [0.18796992481203006, 0.3458646616541353, 0.3458646616541353, 0.12030075187969924], [0.8125, 0.0625, 0.0625, 0.0625]]}, "model_10": {"nlabel": 5, "ncomponent": 4, "means": [[0.0, 3.7812674880764128, -3.751611168236049, 3.168371131603785], [7.699368207891871, 5.988996833466756, -0.23275935726266603, 7.052053909381205], [1.0004232011707468, 5.0, -3.0753091348567723, 0.17993069852175442], [1.0, -2.042101504614734, -7.09073744234977, 1.7367094338850062], [-3.7629102838319177, 4.5339418362813415, 5.200290157944801, 2.9603177880836262]], "stds": [[0.009115804370082397, 1.0, 1.0, 1.0], [1.0, 1.0, 1.0, 1.0], [0.08065695054974666, 0.7071067811865476, 1.0, 1.0], [0.7071067811865476, 1.0, 1.0, 1.0], [1.0, 1.0, 1.0, 1.0]], "weights": [[0.9998753687009264, 4.1543766357858004e-05, 4.1543766357858004e-05, 4.1543766357858004e-05], [1.0, 1.0, 1.0, 1.0], [0.9625, 0.025, 0.00625, 0.00625], [0.5714285714285714, 0.14285714285714285, 0.14285714285714285, 0.14285714285714285], [1.0, 1.0, 1.0, 1.0]]}, "model_11": {"nlabel": 5, "ncomponent": 4, "means": [[1.0, 10.36824145667181, 4.135071261466383, -5.418408830473452], [1.0, 0.0, 6.0519711929877085, 9.845617010644208], [-2.829420427643632, -2.4124965428898095, 1.020799152890823, -1.9084884627557397], [5.868605807752552, 10.262875817435216, 2.4333391147732004, -7.465967966072479], [0.0, -4.624795048001129, -1.3279945643773197, -2.159413390225282]], "stds": [[0.7071067811865476, 1.0, 1.0, 1.0], [0.4714045207910317, 0.282842712474619, 1.0, 1.0], [1.0, 1.0, 0.2483393631649486, 1.0], [1.0, 1.0, 1.0, 1.0], [0.34299717028501764, 1.0, 1.0, 1.0]], "weights": [[0.5714285714285714, 0.14285714285714285, 0.14285714285714285, 0.14285714285714285], [0.25, 0.6944444444444444, 0.027777777777777776, 0.027777777777777776], [0.05, 0.05, 0.85, 0.05], [1.0, 1.0, 1.0, 1.0], [0.85, 0.05, 0.05, 0.05]]}, "model_12": {"nlabel": 5, "ncomponent": 4, "means": [[0.0, -5.212916099507572, 2.781414488785784, 2.7032244847612414], [1.0, 0.0, 7.655561695687193, -7.731251879705361], [0.0, -5.98245248770608, 2.2331223510110307, -2.244676115988519], [-0.4930025804436903, 2.188685873252306, -6.472877812950557, 1.6382352496594632], [10.461907006251664, -3.9993531067141292, -1.2932650357665603, -0.005098137350923286]], "stds": [[0.7071067811865476, 1.0, 1.0, 1.0], [0.7071067811865476, 0.282842712474619, 1.0, 1.0], [0.34299717028501764, 1.0, 1.0, 1.0], [1.0, 1.0, 1.0, 1.0], [1.0, 1.0, 1.0, 0.24288823076629143]], "weights": [[0.5714285714285714, 0.14285714285714285, 0.14285714285714285, 0.14285714285714285], [0.12903225806451613, 0.8064516129032258, 0.03225806451612903, 0.03225806451612903], [0.85, 0.05, 0.05, 0.05], [1.0, 1.0, 1.0, 1.0], [0.05, 0.05, 0.05, 0.85]]}, "model_13": {"nlabel": 5, "ncomponent": 4, "means": [[0.0, 1.0323221500643451, 3.281205628625217, -1.167626058909201], [2.0627174475251158, -0.8884628272071897, -5.1435882243815945, -7.5427928194231715], [1.0, -4.811237720376186, 9.000619490505002, 8.239756152499302], [1.0, 2.4894080833304564, 3.602598531735663, 5.470465949145656], [-12.165536064380266, 3.360721957047444, -1.4821487889037732, 4.485835065171662]], "stds": [[0.00911864633894505, 1.0, 1.0, 1.0], [1.0, 1.0, 1.0, 1.0], [0.3244428422615251, 1.0, 1.0, 1.0], [0.15911145683514608, 1.0, 1.0, 1.0], [1.0, 1.0, 1.0, 1.0]], "weights": [[0.9998752909876953, 4.156967076820751e-05, 4.156967076820751e-05, 4.156967076820751e-05], [1.0, 1.0, 1.0, 1.0], [0.8636363636363636, 0.045454545454545456, 0.045454545454545456, 0.045454545454545456], [0.9634146341463414, 0.012195121951219513, 0.012195121951219513, 0.012195121951219513], [1.0, 1.0, 1.0, 1.0]]}, "model_14": {"nlabel": 5, "ncomponent": 4, "means": [[0.0, 5.844518684803841, -5.705485626892026, -1.1234761279105383], [-7.2168507330520715, -9.858879885677716, 1.046592986653073, 1.6936157920225705], [1.0, 6.671396026540166, 1.5227551524755913, 2.1480942732812154], [2.5681616684173667, -1.1658356476613925, -7.047136259163091, 0.2092157907345139], [-1.3736833854711832, 1.7821629903658054, -0.5284169712027522, -3.080521689854751]], "stds": [[0.009115804370082397, 1.0, 1.0, 1.0], [1.0, 1.0, 1.0, 1.0], [0.7071067811865476, 1.0, 1.0, 1.0], [1.0, 1.0, 1.0, 1.0], [1.0, 1.0, 1.0, 1.0]], "weights": [[0.9998753687009264, 4.1543766357858004e-05, 4.1543766357858004e-05, 4.1543766357858004e-05], [1.0, 1.0, 1.0, 1.0], [0.5714285714285714, 0.14285714285714285, 0.14285714285714285, 0.14285714285714285], [1.0, 1.0, 1.0, 1.0], [1.0, 1.0, 1.0, 1.0]]}, "model_15": {"nlabel": 5, "ncomponent": 4, "means": [[0.0, 7.433221750847735, -0.9420629960222828, -6.979997813392652], [5.267816797667171, -1.9993928206827727, -2.2794974969566653, 6.733716287103844], [1.0, 16.0, 39.0, 54.0], [7.0, 1.0, 2.0378083875831075, 4.0], [8.054697270359084, -0.26159363377512795, 1.488791796357044, -0.6479714869552684]], "stds": [[0.009116372551276352, 1.0, 1.0, 1.0], [1.0, 1.0, 1.0, 1.0], [0.5345224838248488, 0.7071067811865476, 0.7071067811865476, 0.7071067811865476], [0.8451542547285166, 0.8451542547285166, 0.2895309075440381, 0.5345224838248488], [1.0, 1.0, 1.0, 1.0]], "weights": [[0.9998753531660296, 4.154894465680572e-05, 4.154894465680572e-05, 4.154894465680572e-05], [1.0, 1.0, 1.0, 1.0], [0.3684210526315789, 0.21052631578947367, 0.21052631578947367, 0.21052631578947367], [0.20588235294117646, 0.20588235294117646, 0.38235294117647056, 0.20588235294117646], [1.0, 1.0, 1.0, 1.0]]}, "model_16": {"nlabel": 5, "ncomponent": 4, "means": [[0.0, 8.487563316102925, -7.788115193917282, -2.317833200398419], [-6.687660675003163, 7.065739993254615, 3.209422018220809, -6.205830242114506], [21.0, 4.0, 1.0, -0.9298074822058783], [4.0, 1.0, 1.9764773376951255, -6.529852610987625], [-4.718353110662194, 9.793488126520257, 4.934481087169036, 2.4985192311843]], "stds": [[0.009119215051751168, 1.0, 1.0, 1.0], [1.0, 1.0, 1.0, 1.0], [0.7071067811865476, 0.5345224838248488, 0.3244428422615251, 1.0], [0.35355339059327373, 0.2085144140570748, 0.31929449647027197, 1.0], [1.0, 1.0, 1.0, 1.0]], "weights": [[0.9998752754334179, 4.157485552737704e-05, 4.157485552737704e-05, 4.157485552737704e-05], [1.0, 1.0, 1.0, 1.0], [0.12903225806451613, 0.22580645161290322, 0.6129032258064516, 0.03225806451612903], [0.2191780821917808, 0.6301369863013698, 0.136986301369863, 0.0136986301369863], [1.0, 1.0, 1.0, 1.0]]}, "model_17": {"nlabel": 5, "ncomponent": 4, "means": [[0.0, -2.1965900301978665, 3.313275587746851, 9.811152079414917], [0.0, 4.31409720952333, -2.174527998185174, -12.886712294489687], [0.0, 5.790216109836653, 8.244085372157283, 0.7161781708032242], [-11.119401827594173, 4.231468153226431, 0.49410062487572176, -2.4052759817266445], [-2.978063956657201, 5.3604075412502095, -0.009360437543005529, -6.325954494997244]], "stds": [[0.7071067811865476, 1.0, 1.0, 1.0], [0.24618298195866548, 1.0, 1.0, 1.0], [0.34299717028501764, 1.0, 1.0, 1.0], [1.0, 1.0, 1.0, 1.0], [1.0, 1.0, 0.24372224887880423, 1.0]], "weights": [[0.5714285714285714, 0.14285714285714285, 0.14285714285714285, 0.14285714285714285], [0.9166666666666666, 0.027777777777777776, 0.027777777777777776, 0.027777777777777776], [0.85, 0.05, 0.05, 0.05], [1.0, 1.0, 1.0, 1.0], [0.05, 0.05, 0.85, 0.05]]}, "model_18": {"nlabel": 5, "ncomponent": 4, "means": [[0.0, 8.99165924286007, -0.7008402828534593, -1.835350752029682], [0.022788825955250683, 4.440820487393651, -4.282747330344562, -3.619048750984575], [1.0, -2.3760646633105815, 5.479556318406341, 1.9767773891346891], [1.0, 2.684885979147288, 8.44436385380134, 10.234372231225615], [-3.556063605688741, 3.391278940332216, 10.676444974345303, -10.852666358947387]], "stds": [[0.009121490967526817, 1.0, 1.0, 1.0], [1.0, 1.0, 1.0, 1.0], [0.282842712474619, 1.0, 1.0, 0.500530269979364], [0.7071067811865476, 1.0, 1.0, 1.0], [1.0, 1.0, 1.0, 1.0]], "weights": [[0.9998752131774885, 4.159560750384759e-05, 4.159560750384759e-05, 4.159560750384759e-05], [1.0, 1.0, 1.0, 1.0], [0.8064516129032258, 0.03225806451612903, 0.03225806451612903, 0.12903225806451613], [0.5714285714285714, 0.14285714285714285, 0.14285714285714285, 0.14285714285714285], [1.0, 1.0, 1.0, 1.0]]}, "model_19": {"nlabel": 5, "ncomponent": 4, "means": [[0.0, -3.3071498602038503, 2.9068894425138585, -3.5277640533493297], [0.25073743992600916, 0.06580536605067899, -6.306248628329911, 1.9409596997406264], [-0.23873341278994817, -5.689362571965139, 2.597548323619364, -8.065264653217486], [-0.5553049717802737, 1.873421938959166, -5.551443713306177, 3.819598741553752], [-9.28380036177464, 2.9347647329043847, 5.339152614989252, 7.709704042016055]], "stds": [[0.009115804370082397, 1.0, 1.0, 1.0], [1.0, 1.0, 1.0, 1.0], [1.0, 1.0, 1.0, 1.0], [1.0, 1.0, 1.0, 1.0], [1.0, 1.0, 1.0, 1.0]], "weights": [[0.9998753687009264, 4.1543766357858004e-05, 4.1543766357858004e-05, 4.1543766357858004e-05], [1.0, 1.0, 1.0, 1.0], [1.0, 1.0, 1.0, 1.0], [1.0, 1.0, 1.0, 1.0], [1.0, 1.0, 1.0, 1.0]]}, "model_20": {"nlabel": 5, "ncomponent": 4, "means": [[0.0, 7.982320268514396, -6.7070865354041596, 0.8284204494201701], [-6.35403119511995, 0.8346589951803307, 5.352457418285263, 1.2190369869760974e-05], [0.0, -10.571985178848788, 3.7097999544042253, -2.8457526853731654], [0.0, -1.6624554538972116, -5.1395120569141275, -3.732029761311777], [0.0, -2.0867689307875685, -1.6127159926407562, 1.7586633020909048]], "stds": [[0.005703401439260617, 1.0, 1.0, 1.0], [1.0, 1.0, 1.0, 0.005240543354173939], [0.025845747658187337, 1.0, 1.0, 1.0], [0.1199520287808135, 1.0, 1.0, 1.0], [0.013506116279031751, 1.0, 1.0, 1.0]], "weights": [[0.9999512091986924, 1.626360043586449e-05, 1.626360043586449e-05, 1.626360043586449e-05], [2.4808970923886077e-05, 2.4808970923886077e-05, 2.4808970923886077e-05, 0.9999255730872283], [0.998998998998999, 0.000333667000333667, 0.000333667000333667, 0.000333667000333667], [0.9788732394366197, 0.007042253521126761, 0.007042253521126761, 0.007042253521126761], [0.9997264520835233, 9.118263882556761e-05, 9.118263882556761e-05, 9.118263882556761e-05]]}, "model_21": {"nlabel": 5, "ncomponent": 4, "means": [[0.0, -3.1803296086508164, -3.858054813371243, 7.1449570625321215], [0.0, -11.100429059666217, 2.1629457284809583, -4.722009463934469], [1.0, 0.0, -6.6884440590750796, -2.880724583261734], [2.25250514347343, 10.342499875883282, 8.117536436775158, -1.096654250470371], [0.0, 1.474221614984366, -6.11666462683562, -7.34371025408327]], "stds": [[0.7071067811865476, 1.0, 1.0, 1.0], [0.24618298195866548, 1.0, 1.0, 1.0], [0.4714045207910317, 0.4714045207910317, 1.0, 1.0], [1.0, 1.0, 1.0, 1.0], [0.34299717028501764, 1.0, 1.0, 1.0]], "weights": [[0.5714285714285714, 0.14285714285714285, 0.14285714285714285, 0.14285714285714285], [0.9166666666666666, 0.027777777777777776, 0.027777777777777776, 0.027777777777777776], [0.45, 0.45, 0.05, 0.05], [1.0, 1.0, 1.0, 1.0], [0.85, 0.05, 0.05, 0.05]]}, "model_22": {"nlabel": 5, "ncomponent": 4, "means": [[24.0, 1.0, 3.0, 11.0], [511.0, 125.0, 4.0, 132.0], [0.9999508033958712, 4.0, 3.0, 2.000057392845521], [2.0, 3.0, 151.0, 0.9994996970177249], [1.0, 134.0, 511.0, 2.0]], "stds": [[0.9997094531431874, 0.9999170090043801, 0.9997095495882803, 0.9993773478568602], [0.004874830888194613, 0.999654397777824, 0.9996542270636831, 0.9996544319004264], [0.012932074524189523, 0.5345224838248488, 0.2773500981126146, 0.019382159805262023], [0.22086305214969307, 0.3086066999241838, 0.7302967433402214, 0.05682724543898641], [0.010806233536652478, 0.9991868500717206, 0.10674365528824267, 0.9973269752874562]], "weights": [[0.24996369219278408, 0.25000518682960227, 0.25004668146642045, 0.24998443951119317], [0.7347482190250035, 0.08842890068445314, 0.08838524933649951, 0.08843763095404386], [0.6957881800916099, 0.000782035526756787, 0.002904703385096637, 0.3005250809965367], [0.10512820512820513, 0.05384615384615385, 0.038461538461538464, 0.8025641025641026], [0.5342170929507174, 0.13431066749844042, 0.1970991890205864, 0.13437305053025578]]}, "model_23": {"nlabel": 5, "ncomponent": 4, "means": [[1.0, 24.0, 7.0, 4.0], [511.0, 4.0, 12.0, 19.0], [1.0, 2.0, 19.0, 3.0], [1.0, 2.0, 3.0, 0.0054488894452346635], [1.0, 8.0, 40.0, 124.0]], "stds": [[0.9999125912327337, 0.9996940893624475, 0.999912568305844, 0.9996940893624475], [0.004876453533122026, 0.9998778028956152, 0.9995726104148899, 0.9995725060111831], [0.018017286871142738, 0.027508468754133403, 0.9805806756909202, 0.8126360553720012], [0.0761386987626881, 0.24618298195866548, 0.35355339059327373, 1.0], [0.009329714106254152, 0.9995965301429471, 0.9985888512272335, 0.9985860007067137]], "weights": [[0.24999453731017152, 0.2500382388287993, 0.24992898503222988, 0.2500382388287993], [0.773955773955774, 0.07531126632250228, 0.07537568211725515, 0.07535727760446861], [0.691547872937479, 0.29666629251318893, 0.005836794253002582, 0.005949040296329555], [0.8734177215189873, 0.08354430379746836, 0.04050632911392405, 0.002531645569620253], [0.7554496136774618, 0.08150583593621569, 0.0816044714778892, 0.08144007890843334]]}, "model_24": {"nlabel": 5, "ncomponent": 4, "means": [[0.0, 0.00021069592323285204, 0.0009945712079980833, 0.06007594195312959], [1.0, 0.8090663940660455, 0.2, 0.9982970269681558], [0.5463636363636363, 4.373233629749322, 0.9863209476542255, -7.506703037515537], [0.9478418774120716, -8.70788956196561, -5.236957255396541, 2.8030178704521225], [0.28828178804438775, 0.22990734168881496, 0.15724021426186294, 0.7898185897274358]], "stds": [[0.011642978762169472, 0.018042588150596395, 0.02956893947042575, 0.698117488593915], [0.020594676826620376, 0.7956610848854464, 0.9555669662731109, 0.11954262476076528], [0.3090353291784911, 1.0, 0.19456115789254297, 1.0], [0.38317198274432274, 1.0, 1.0, 1.0], [0.8397235128648549, 0.0730099656664605, 0.1801149057237937, 0.529339369420624]], "weights": [[0.2776351704512457, 0.2712004181427493, 0.24720367036413265, 0.20396074104187234], [0.517303801512086, 0.15695879033116814, 0.002981578106697902, 0.32275583005004793], [0.4230769230769231, 0.019230769230769232, 0.5384615384615384, 0.019230769230769232], [0.7, 0.1, 0.1, 0.1], [0.2668377164849262, 0.18216805644644002, 0.4284797947402181, 0.12251443232841565]]}, "model_25": {"nlabel": 5, "ncomponent": 4, "means": [[0.0, 0.00020051099749884843, 0.00126395183905515, 0.2321913891631148], [1.0, 0.5, 0.15372796447039136, 0.9182042466148892], [0.8918377347412637, 0.5558227252459024, -1.164148203603145, 3.8886045963845692], [-3.4493129334049244, -0.229285938459247, 3.6050880136299837, 8.616222181897738], [1.0, 0.5600000000000002, 8.000196700176575, 2.4209464592089986]], "stds": [[0.011672114879891555, 0.01787975947222389, 0.030190054832263453, 0.8078002741854563], [0.020301884750565175, 0.282842712474619, 0.38679045639985193, 0.4086472849571599], [0.29313260676838715, 0.30009893895169354, 1.0, 1.0], [1.0, 1.0, 1.0, 1.0], [0.04759207562729501, 0.2542932509067235, 1.0, 1.0]], "weights": [[0.2707820424093214, 0.2645647315097401, 0.24129519746769382, 0.2233580286132447], [0.8095317447092152, 0.004165972337943676, 0.0011664722546242292, 0.18513581069821697], [0.509090909090909, 0.45454545454545453, 0.01818181818181818, 0.01818181818181818], [1.0, 1.0, 1.0, 1.0], [0.9608269858541894, 0.036996735582154515, 0.001088139281828074, 0.001088139281828074]]}, "model_26": {"nlabel": 5, "ncomponent": 4, "means": [[0.0, 1.0, 6.326497958223203, 3.3085991359443194], [0.22705402278099307, 0.38255747441333365, 0.7482196924851972, 0.21021252971527424], [1.0, 0.5, -5.82762628573858, -3.4696671055546475], [0.5, -5.889678332989367, -4.6492567565253715, -5.232327483147424], [0.9943542590262333, 0.21149748132590537, 0.8886237935892233, 0.9959947367372566]], "stds": [[0.009120542462219158, 1.0, 1.0, 1.0], [0.06833524365926252, 0.2802233891677115, 0.9877778369397893, 0.13383418309594095], [0.11508706752968724, 0.4472135954999579, 1.0, 1.0], [0.7071067811865476, 1.0, 1.0, 1.0], [0.02986194182175384, 0.9978158940111993, 0.12992386423905214, 0.027813386224753364]], "weights": [[0.9998336590842932, 8.317045785337048e-05, 4.158522892668524e-05, 4.158522892668524e-05], [0.2908204711616572, 0.2883834281072299, 0.14947197400487408, 0.27132412672623885], [0.9263803680981595, 0.06134969325153374, 0.006134969325153374, 0.006134969325153374], [0.5714285714285714, 0.14285714285714285, 0.14285714285714285, 0.14285714285714285], [0.25984468421414336, 0.2120129200742217, 0.2713902824548141, 0.25675211325682085]]}, "model_27": {"nlabel": 5, "ncomponent": 4, "means": [[-1.0265014944001554e-05, 1.0, -5.891624363895871, -2.7086771217863577], [0.595902524026083, 0.3241776141552044, 0.214599069756574, 0.278387011478913], [1.0, 0.03538461538461538, 0.5, -1.1703039993395858], [1.0, 5.272154309676607, 7.512314922806034, 2.016316329542451], [1.0, 0.44, -1.6103210624393272, -6.370927456199613]], "stds": [[0.006535597718446544, 1.0, 1.0, 1.0], [0.7940139060317454, 0.17229319463447318, 0.07437930194910919, 0.454355254246715], [0.11508706752968724, 0.3922559287123246, 0.4472135954999579, 1.0], [0.7071067811865476, 1.0, 1.0, 1.0], [0.016964999141041062, 0.2542932509067235, 1.0, 1.0]], "weights": [[0.9998336590842932, 8.317045785337048e-05, 4.158522892668524e-05, 4.158522892668524e-05], [0.2721028140926213, 0.22091734987812986, 0.17903833370263683, 0.327941502326612], [0.8628571428571429, 0.07428571428571429, 0.05714285714285714, 0.005714285714285714], [0.5714285714285714, 0.14285714285714285, 0.14285714285714285, 0.14285714285714285], [0.9948460987831067, 0.00486757337151038, 0.00014316392269148176, 0.00014316392269148176]]}, "model_28": {"nlabel": 5, "ncomponent": 4, "means": [[0.999995970498393, 0.9997586901287943, 0.9824266807803086, 4.25132217485015], [0.04628882952981723, 0.6654584457702074, 0.06457609661794561, 0.0739716620279982], [0.5231818181818182, -5.30480691699802, -0.1658823946876578, -0.030245633587908397], [0.61, 0.009999999999999998, -3.3053964897549974, 5.293455006176423], [0.0010623935658910977, 0.5447136245015947, 0.005373880474568388, 0.19680064628305752]], "stds": [[0.009466328621913869, 0.035298868145501275, 0.6628541437427032, 1.0], [0.04059110842021387, 0.9838758938789979, 0.3067932824972494, 0.052632085549379704], [0.30650285906548835, 1.0, 1.0, 1.0], [0.4034267558289116, 0.5345224838248488, 1.0, 1.0], [0.025975198439755938, 0.9110125583567014, 0.04576563557374999, 0.669877423059274]], "weights": [[0.5468271734661245, 0.4190689387363516, 0.03408104527388186, 2.284252364201197e-05], [0.23420140431961603, 0.1435427961958937, 0.38032174917785083, 0.24193405030663942], [0.88, 0.04, 0.04, 0.04], [0.5909090909090909, 0.3181818181818182, 0.045454545454545456, 0.045454545454545456], [0.32515427563914195, 0.1413458712900382, 0.32272994416691153, 0.21076990890390832]]}, "model_29": {"nlabel": 5, "ncomponent": 4, "means": [[4.419988960868873e-06, 3.363139959834876e-05, 0.31905714512438726, 0.014231457200908262], [0.5034481222806563, 0.06815180651408387, 0.13257344990731984, 0.06469504097769155], [1.0, 0.6989404537141845, 7.028015443172092, -1.365423339538461], [0.5971428571428572, 1.0, 0.07142857142857142, -1.3455316406535265], [0.9998789947281618, 0.12555053742384586, 0.946628267910855, 0.9970768202510811]], "stds": [[0.009917357346741137, 0.023696603568699185, 0.5095618923218967, 0.34478232164536077], [0.27851484765911744, 0.047198547248279946, 0.3829099333931258, 0.01896260367605616], [0.32777650207779485, 0.6814293485481049, 1.0, 1.0], [0.5389923314378037, 0.5345224838248488, 0.5345846052912642, 1.0], [0.02426593928725884, 0.9838299369828459, 0.9891587576496882, 0.04109093755948818]], "weights": [[0.4760919723128332, 0.4205784071922985, 7.956082425013923e-05, 0.10325005967061819], [0.003502429104056039, 0.41532030279064514, 0.16450118630663202, 0.41667608179866683], [0.6785714285714286, 0.25, 0.03571428571428571, 0.03571428571428571], [0.3181818181818182, 0.3181818181818182, 0.3181818181818182, 0.045454545454545456], [0.40888928317955997, 0.09323988644428673, 0.11187012065294535, 0.38600070972320794]]}, "model_30": {"nlabel": 5, "ncomponent": 4, "means": [[0.0, -9.793682446294905, 4.830010717934936, 5.648468172161434], [-5.7116331603875095, 3.763744954752494, -0.8568924774350557, 0.009432618915941651], [0.0, -3.833452383938992, 5.009091046131326, 11.366770413484069], [-3.5453413852188036, -8.299739020529874, 0.7338248238143505, -3.425307036896865], [0.0, 0.6586953504600195, -4.418071183554442, 0.5020432054888466]], "stds": [[0.7071067811865476, 1.0, 1.0, 1.0], [1.0, 1.0, 1.0, 0.17753042828501844], [0.34299717028501764, 1.0, 1.0, 1.0], [1.0, 1.0, 1.0, 1.0], [0.34299717028501764, 1.0, 1.0, 1.0]], "weights": [[0.5714285714285714, 0.14285714285714285, 0.14285714285714285, 0.14285714285714285], [0.027777777777777776, 0.027777777777777776, 0.027777777777777776, 0.9166666666666666], [0.85, 0.05, 0.05, 0.05], [1.0, 1.0, 1.0, 1.0], [0.85, 0.05, 0.05, 0.05]]}, "model_31": {"nlabel": 5, "ncomponent": 4, "means": [[43.0, 55.0, 32.0, 46.0], [255.0, 99.0, 81.0, 125.0], [1.0, 12.0, 5.0, 255.0], [1.0, 6.0, 8.0, 2.0], [1.0, 255.0, 3.0, 2.0]], "stds": [[0.999446136761721, 0.9994458298272111, 0.9994455225523247, 0.9986155330478761], [0.006820895213935932, 0.9977802414357365, 0.9977802414357365, 0.9977653603356423], [0.9987554444462093, 0.9987569914400152, 0.9987569914400152, 0.8054283396314773], [0.20203050891044214, 0.9725975251592747, 0.9701425001453319, 0.7884298457197201], [0.042764731245249654, 0.015956656760467085, 0.9984435788232165, 0.4193797765569099]], "weights": [[0.2500692328994738, 0.24993076710052617, 0.2497923013015785, 0.25020769869842147], [0.9695520772249537, 0.010171861608552484, 0.010171861608552484, 0.010104199557941269], [0.2488393686165274, 0.24914887031878674, 0.24914887031878674, 0.2528628907458991], [0.31210191082802546, 0.2356687898089172, 0.21656050955414013, 0.2356687898089172], [0.2273029597605587, 0.65305952776854, 0.05345859660791487, 0.06617891586298637]]}, "model_32": {"nlabel": 5, "ncomponent": 4, "means": [[255.0, 83.0, 220.0, 253.0], [255.0, 19.0, 12.0, 11.0], [4.0, 15.0, 75.0, 49.0], [1.0, 8.0, 4.0, 2.0], [108.0, 1.0, 43.0, 70.0]], "stds": [[0.006124145406428753, 0.9995514689166602, 0.9984271420441072, 0.9984299642666455], [0.0073723983192359255, 0.9993814341298283, 0.9993815434315889, 0.9993813247894262], [0.9983118280497814, 0.9983134550097673, 0.9983126419219557, 0.9983118280497814], [0.12856486930664493, 0.9632419486019033, 0.8734337971123771, 0.7928249671720918], [0.9989059932647283, 0.010106683232657196, 0.9989032507471747, 0.9989035943135973]], "weights": [[0.8885593361548972, 0.03715799646749092, 0.037108008131436, 0.03717465924617589], [0.6842516317384756, 0.10524945608717481, 0.10526805139743757, 0.10523086077691206], [0.24990967120317958, 0.2501505479947007, 0.2500301095989401, 0.24990967120317958], [0.28809523809523807, 0.23095238095238096, 0.23095238095238096, 0.25], [0.10974355458036204, 0.6712835984640703, 0.10946928140427867, 0.10950356555128908]]}, "model_33": {"nlabel": 5, "ncomponent": 4, "means": [[1.0, 3.9657412150329168, -1.3980379156688185, -1.1837298865564476], [1.0, -3.8008439545172, -5.375333994848547, -1.4873454293830095], [1.0, 11.732210296119757, 0.3795496888462375, 2.822400571171588], [2.8720502611506973, 0.8015752428912939, 3.154758598687418, 0.1863992919917305], [1.0, 6.635663464569758, 6.394191726593792, -0.037871098290367604]], "stds": [[0.7071067811865476, 1.0, 1.0, 1.0], [0.24618298195866548, 1.0, 1.0, 1.0], [0.4714045207910317, 1.0, 1.0, 1.0], [1.0, 1.0, 1.0, 1.0], [0.4714045207910317, 1.0, 1.0, 0.5014089951410962]], "weights": [[0.5714285714285714, 0.14285714285714285, 0.14285714285714285, 0.14285714285714285], [0.9166666666666666, 0.027777777777777776, 0.027777777777777776, 0.027777777777777776], [0.75, 0.08333333333333333, 0.08333333333333333, 0.08333333333333333], [1.0, 1.0, 1.0, 1.0], [0.6, 0.06666666666666667, 0.06666666666666667, 0.26666666666666666]]}, "model_34": {"nlabel": 5, "ncomponent": 4, "means": [[0.0018855948446582405, 0.00013614947594482697, 0.11038244727904131, 0.006672105772534977], [3.7941940303079984, -2.720885571279063, -5.650871691562573, 0.131788278463528], [0.29494923088135677, 0.6217818861079228, 1.0456264940859303, 0.14893264462294062], [-2.0679801933215574, 0.587615028606219, -4.645132883411127, -3.2373727512335444], [0.99931779067926, 0.29016518252319023, 0.9970794253335534, 0.7794805636362317]], "stds": [[0.020294348943060637, 0.009202598684969726, 0.5005245929003611, 0.029868490063442384], [1.0, 1.0, 1.0, 0.3186701326591206], [0.23965640139679345, 0.6609001328438685, 0.3840569946596042, 0.29335671508383826], [1.0, 0.33162358164866224, 1.0, 1.0], [0.025655610237047783, 0.7974946015963005, 0.03508179510591384, 0.5937492234778092]], "weights": [[0.2563020875127532, 0.24977932663097682, 0.25077665562344525, 0.24314193023282474], [0.07692307692307693, 0.07692307692307693, 0.07692307692307693, 0.7692307692307693], [0.46, 0.1, 0.07, 0.37], [0.07692307692307693, 0.7692307692307693, 0.07692307692307693, 0.07692307692307693], [0.3233735729502376, 0.11197902441688971, 0.3137051401103403, 0.2509422625225324]]}, "model_35": {"nlabel": 5, "ncomponent": 4, "means": [[0.01, 8.896156000663114, 3.1478144119178655, 7.6619852878759955], [-8.519180494522656, -1.0452092347053978, -1.754398305769453, 5.522460693077557], [0.0, 2.7011793443467127, 1.0365364188005153, 4.504118609527082], [6.435509235301872, -0.3292717397450217, 2.223823975332338, 9.533094929395912], [-2.739794307631653, 2.8057900715499122, 3.044858044459265, 5.019987406642773]], "stds": [[0.7071067811865476, 1.0, 1.0, 1.0], [1.0, 1.0, 1.0, 1.0], [0.4714045207910317, 1.0, 0.5013115592266907, 1.0], [1.0, 1.0, 1.0, 1.0], [1.0, 1.0, 1.0, 1.0]], "weights": [[0.5714285714285714, 0.14285714285714285, 0.14285714285714285, 0.14285714285714285], [1.0, 1.0, 1.0, 1.0], [0.6, 0.06666666666666667, 0.26666666666666666, 0.06666666666666667], [1.0, 1.0, 1.0, 1.0], [1.0, 1.0, 1.0, 1.0]]}, "model_36": {"nlabel": 5, "ncomponent": 4, "means": [[0.0047206108009568365, 0.17743515233226073, 0.031304185783617426, 0.04591524002676437], [5.29186016057794, -3.6727232295875023, 7.540552558010313, -13.445074243028731], [0.18376319623111853, 0.4242904458295167, 0.35833117275590004, 0.5058046513476044], [0.41538461538461535, 0.8019999999999999, -6.075685970057161, -0.28514041086810027], [0.5019529928567044, 0.707535659290279, 0.506204444511789, 0.3115198005780489]], "stds": [[0.016450604653687112, 0.9889306823258335, 0.027411400760473145, 0.1590646240983996], [1.0, 1.0, 1.0, 1.0], [0.0778566515054333, 0.1984814832682444, 0.27216464440762994, 0.7915567827689566], [0.3990593821135928, 0.46746057547981523, 1.0, 1.0], [0.03732268561384175, 0.828597697279273, 0.05255336336450806, 0.48742825507621046]], "weights": [[0.21874129084083346, 0.21147887670289678, 0.1994786799783603, 0.37030115247790946], [1.0, 1.0, 1.0, 1.0], [0.3834862385321101, 0.14128440366972478, 0.20733944954128442, 0.26788990825688075], [0.52, 0.4, 0.04, 0.04], [0.27284352476168333, 0.21634503603813066, 0.27423854917461055, 0.23657289002557544]]}, "model_37": {"nlabel": 5, "ncomponent": 4, "means": [[0.00011964362854248963, 0.0005175802737244811, 0.0012728033739442034, 0.04472832008306864], [1.0, 0.14999999999999997, 9.79186200543646, 8.27072511821558], [0.18843805597971555, 0.46519344785117434, 0.11200485014361793, 0.6665301589273251], [-9.989754606450484, -0.0035551744595189406, -3.3212604718579737, 3.637214968477265], [0.25210138128254567, 0.24207831002052724, 0.6108097520604899, 0.1644750882844003]], "stds": [[0.012077501325932457, 0.017906938892451804, 0.02540228497362809, 0.5191598529031176], [0.020277677641345443, 0.44784986807927535, 1.0, 1.0], [0.1460554170483651, 0.25667914894591004, 0.2578602603695372, 0.7416144619385681], [1.0, 1.0, 1.0, 1.0], [0.41229721308449363, 0.07041118550106841, 0.8555096962863373, 0.1087271723893469]], "weights": [[0.2645895097564, 0.2617826425133298, 0.24801884771899765, 0.22560900001127257], [0.9975389663658737, 0.002050861361771944, 0.00020508613617719443, 0.00020508613617719443], [0.417910447761194, 0.17164179104477612, 0.2835820895522388, 0.12686567164179105], [1.0, 1.0, 1.0, 1.0], [0.43262245137098665, 0.09022732599015702, 0.15701898289196156, 0.3201312397468948]]}, "model_38": {"nlabel": 5, "ncomponent": 4, "means": [[0.0014087932309074184, 0.7055175167839091, 6.124768043997149e-05, -5.352712047780602], [1.0, 0.9982894454808481, 0.9488449738360722, 0.12], [0.49873090388849833, 0.7083458075732112, 0.3391488624266646, 0.10146945826473718], [0.25, -6.9380614594061445, -0.7935846863801939, 1.0545405182338747], [1.0, 0.5600000000000002, 4.198054447860439, -10.182781870659847]], "stds": [[0.02557143830883846, 1.0, 0.007270435724186096, 1.0], [0.020607823683668685, 0.11980837195994357, 0.3956321359474931, 0.7071067811865476], [0.284472173471919, 0.8145488411508014, 0.39397500105845723, 0.2132696142774524], [0.7071067811865476, 1.0, 1.0, 1.0], [0.047673129462279744, 0.2542932509067235, 1.0, 1.0]], "weights": [[0.4702399641175151, 2.2426553038797935e-05, 0.5297151827764073, 2.2426553038797935e-05], [0.5201414184701093, 0.32440539961431325, 0.1550246410970645, 0.00042854081851296334], [0.29245283018867924, 0.20754716981132076, 0.2641509433962264, 0.2358490566037736], [0.5714285714285714, 0.14285714285714285, 0.14285714285714285, 0.14285714285714285], [0.9606986899563319, 0.03711790393013101, 0.001091703056768559, 0.001091703056768559]]}, "model_39": {"nlabel": 5, "ncomponent": 4, "means": [[0.0, 1.0, 0.00045615407201437153, 2.9873948594204993], [0.04748133973053092, 0.05052931529064442, 0.09285906649939954, -1.1128260152683551], [0.9305123814072878, 0.07641791044776118, 0.8540303990528056, 0.38244977631073457], [0.11923076923076925, -9.760938256945305, -4.61758350726169, 0.6517827202070848], [0.389906346650139, 0.9967114967978744, 0.9058191993114413, 0.7807506694764513]], "stds": [[0.00927501867569865, 1.0, 0.05044998618351575, 1.0], [0.029534816705543688, 0.08041392184160809, 0.6575781134669757, 1.0], [0.12819481754560327, 0.17542004053204457, 0.3469879893033463, 0.4554853050960295], [0.39245407142109173, 1.0, 1.0, 0.38