{"node": 6, "alphas": [0.0, 0.0, 0.0, 0.0, 0.0, 0.2515352448465954, 0.14051093478884452, 0.0, 0.0, 0.0, 0.0, 0.0, 0.0, 0.0, 0.0, 0.0, 0.0, 0.0, 0.0, 0.0152576367978115, 0.0, 0.0, 0.0, 0.0, 0.0, 0.0, 0.0, 0.2761819950059441, 0.07965632329144674, 0.0, 0.0, 0.0, 0.0, 0.0, 0.0, 0.0, 0.05797064302520568, 0.03741335082231918, 0.04457016888805766, 0.09690370253377531, 0.0], "model_0": {"nlabel": 5, "ncomponent": 4, "means": [[0.0, 6.9302572366973125, -0.8346163415242653, 5.352220572989768], [-2.3159936103055796, 4.279651541391493, -1.3141710920835843, 3.92767552901871], [0.05930118286729383, 1.8882117864971377, 0.32221988271550694, -1.6219167467731728], [-0.3939921661790477, 5.07341211258698, -7.2575092684046805, 9.062074511283372], [0.0, -1.0852331836038007, 6.860639194961897, -5.274137693448626]], "stds": [[0.4714045207910317, 1.0, 1.0, 1.0], [1.0, 1.0, 1.0, 1.0], [1.0, 1.0, 1.0, 1.0], [1.0, 1.0, 1.0, 1.0], [0.4714045207910317, 1.0, 1.0, 1.0]], "weights": [[0.75, 0.08333333333333333, 0.08333333333333333, 0.08333333333333333], [1.0, 1.0, 1.0, 1.0], [1.0, 1.0, 1.0, 1.0], [1.0, 1.0, 1.0, 1.0], [0.75, 0.08333333333333333, 0.08333333333333333, 0.08333333333333333]]}, "model_1": {"nlabel": 5, "ncomponent": 4, "means": [[-5.156092800637365e-05, 1.0, -1.0, 5.84432617413737], [-1.0, 1.0, 0.0, -3.452435215039509], [1.3619552361102203, -0.0016176460198128223, -6.2455434908760985, -3.965751792131865], [0.0, 0.6878375543988036, -5.587456487470831, -5.456627994331335], [-1.0, 1.0, 0.0, -7.468398420625481]], "stds": [[0.012997542111343815, 0.15713484026367727, 0.4714045207910317, 1.0], [0.026293038722069468, 0.19425717247145283, 0.05581455721859485, 1.0], [1.0, 0.06547611424572708, 1.0, 1.0], [0.23904572186687872, 1.0, 1.0, 1.0], [0.06207708552442017, 0.1458649914978946, 0.09712858623572639, 1.0]], "weights": [[0.9855026286442569, 0.012904253624342839, 0.0014338059582603155, 0.00015931177314003505], [0.8060741153524659, 0.014767344664251881, 0.17887991083867372, 0.00027862914460852607], [0.003952569169960474, 0.9881422924901185, 0.003952569169960474, 0.003952569169960474], [0.9210526315789473, 0.02631578947368421, 0.02631578947368421, 0.02631578947368421], [0.6283292978208233, 0.11380145278450363, 0.2566585956416465, 0.0012106537530266344]]}, "model_2": {"nlabel": 5, "ncomponent": 4, "means": [[3.0, -8.305821549951425, -3.3683326058111422, -12.40988612170865], [3.0, 1.0559922031083977, 3.9316821655015173, 5.706419058943752], [4.340595044354929, 3.24087872333922, -7.0924556823847755, -7.661686079032064], [2.503237034672752, -1.291719318550313, 11.253954169628045, -1.8239183809612105], [-1.8337463537332037, 3.055661012032036, -0.4951379879708262, 3.0007001828499416]], "stds": [[0.34299717028501764, 1.0, 1.0, 1.0], [0.4714045207910317, 1.0, 1.0, 1.0], [1.0, 1.0, 1.0, 1.0], [1.0, 1.0, 1.0, 1.0], [1.0, 0.45150876949982144, 1.0, 0.45097279721088834]], "weights": [[0.85, 0.05, 0.05, 0.05], [0.75, 0.08333333333333333, 0.08333333333333333, 0.08333333333333333], [1.0, 1.0, 1.0, 1.0], [1.0, 1.0, 1.0, 1.0], [0.05, 0.45, 0.05, 0.45]]}, "model_3": {"nlabel": 5, "ncomponent": 4, "means": [[3.0, -2.6599206284289245, 9.619432216977396, -3.5940047067730516], [3.7739644044927845, -3.04565412641798, 0.8060300592202545, 7.311827174776361], [8.612222266202359, -4.03966453601894, -4.780026325779396, 6.978301307757267], [7.995283663674907, -6.442084602208732, 9.17293235695742, 2.2711630993688874], [0.1771819845505958, -7.879429464886649, 3.9934420333421365, 8.009180706301]], "stds": [[0.02601574428938436, 1.0, 1.0, 1.0], [1.0, 1.0, 1.0, 1.0], [1.0, 1.0, 1.0, 1.0], [1.0, 1.0, 1.0, 1.0], [1.0, 1.0, 1.0, 1.0]], "weights": [[0.9989858012170385, 0.0003380662609871535, 0.0003380662609871535, 0.0003380662609871535], [1.0, 1.0, 1.0, 1.0], [1.0, 1.0, 1.0, 1.0], [1.0, 1.0, 1.0, 1.0], [1.0, 1.0, 1.0, 1.0]]}, "model_4": {"nlabel": 5, "ncomponent": 4, "means": [[2712.0, 1448.0, 954.0, 15726.0], [28.0, 1032.0, 1480.0, 0.6828410116566237], [1038.0, 360.0, 1251.0, 1184.0], [0.0, 1587.0, 269.0, 260.0], [0.0, 8.0, 1.0, 18.0]], "stds": [[0.7669649888473705, 0.7817359599705714, 0.7302967433402214, 1.0], [0.816496580927726, 0.13608276348795445, 1.0, 1.0], [1.0, 1.0, 1.0, 1.0], [0.8660254037844386, 0.7071067811865476, 1.0, 0.816496580927726], [0.17149858514250887, 0.2672612419124244, 0.5345224838248488, 0.4714045207910317]], "weights": [[0.2786885245901639, 0.29508196721311475, 0.2459016393442623, 0.18032786885245902], [0.02631578947368421, 0.9473684210526315, 0.017543859649122806, 0.008771929824561403], [0.25252525252525254, 0.25252525252525254, 0.25252525252525254, 0.24242424242424243], [0.2857142857142857, 0.2857142857142857, 0.21428571428571427, 0.21428571428571427], [0.6071428571428571, 0.25, 0.0625, 0.08035714285714286]]}, "model_5": {"nlabel": 5, "ncomponent": 4, "means": [[1244.0, 10655.0, 7903.0, 1819.0], [0.0, 8314.0, 7300.0, 8315.0], [2447.0, 0.0, 2451.0, 2449.0], [2732.0, 5690.0, 2957.0, 3939.0], [0.0, 91.0, 114.0, 32.0]], "stds": [[0.9998090400425615, 0.9998090400425615, 0.9998091129461296, 1.0], [0.005976516590632524, 0.02308170380653662, 0.14990633779917237, 0.9408750722807699], [0.9985945179280503, 0.018577543105900797, 0.9329917135775946, 0.9782963313390057], [0.9454836825347086, 0.9494253265550826, 0.9844951849708404, 0.9486832980505139], [0.008055483920494442, 0.9418581497197699, 0.9829047232134221, 0.9377154924749757]], "weights": [[0.24998090728577974, 0.24998090728577974, 0.250076370856881, 0.2499618145715595], [0.9348214434779705, 0.06267425747533266, 0.0014858841010401188, 0.0010184149456567107], [0.08959355731722662, 0.7292059896816409, 0.09034855920473135, 0.09085189379640116], [0.2426470588235294, 0.2610294117647059, 0.23897058823529413, 0.25735294117647056], [0.9942258064516128, 0.002, 0.0019032258064516129, 0.0018709677419354838]]}, "model_6": {"nlabel": 5, "ncomponent": 4, "means": [[0.0, -1.3760479163106056, 11.203731825447518, 8.705764874851901], [0.0, -6.654635746708867, 2.529464990161493, 0.9259954273580306], [0.0, 10.302314952249471, 3.0953190199063787, -1.4112320195753307], [0.0, 7.584988454515332, 9.645291194428825, 2.095357999008485], [0.0, -2.682986737955695, 2.2675092977485893, 5.872944333096106]], "stds": [[0.019570258584513712, 1.0, 1.0, 1.0], [0.009977327341178586, 1.0, 1.0, 0.5801759443526184], [0.02488748293944201, 1.0, 1.0, 1.0], [0.09365858115816934, 1.0, 1.0, 1.0], [0.015643151392504287, 1.0, 1.0, 1.0]], "weights": [[0.9994258373205742, 0.00019138755980861245, 0.00019138755980861245, 0.00019138755980861245], [0.9997511942675159, 4.976114649681529e-05, 4.976114649681529e-05, 0.00014928343949044585], [0.9990717821782178, 0.0003094059405940594, 0.0003094059405940594, 0.0003094059405940594], [0.987012987012987, 0.004329004329004329, 0.004329004329004329, 0.004329004329004329], [0.999633072407045, 0.0001223091976516634, 0.0001223091976516634, 0.0001223091976516634]]}, "model_7": {"nlabel": 5, "ncomponent": 4, "means": [[0.0, 4.909331240587543, -3.54117253451515, 16.33779831519187], [3.155064778959163, -3.853002456214883, 2.124283179642541, 3.652964036264038], [-0.5468796725542772, 4.635648851598483, 5.132120666278118, -3.1315180618926606], [11.874280264813311, 1.4120211265589135, 2.4700107206797304, -4.267632674813334], [4.076066227707926, 0.017263511779181617, 8.34217687364661, -2.725321426255032]], "stds": [[0.4714045207910317, 1.0, 1.0, 1.0], [1.0, 1.0, 1.0, 1.0], [1.0, 1.0, 1.0, 1.0], [1.0, 1.0, 1.0, 1.0], [1.0, 0.3347114555367771, 1.0, 1.0]], "weights": [[0.75, 0.08333333333333333, 0.08333333333333333, 0.08333333333333333], [1.0, 1.0, 1.0, 1.0], [1.0, 1.0, 1.0, 1.0], [1.0, 1.0, 1.0, 1.0], [0.08333333333333333, 0.75, 0.08333333333333333, 0.08333333333333333]]}, "model_8": {"nlabel": 5, "ncomponent": 4, "means": [[0.0, -1.3533319530309313, -8.89830274852972, 6.2806488320571505], [0.0, 9.079134989256191, -8.79631743793542, 9.938795207616646], [5.336984287007472, -0.004049900031100628, 3.9028848287481557, -9.034285433752355], [0.0, 5.322786520042725, -4.4155323690695525, 3.72999182600217], [0.0, -2.0537618747537927, 1.0087010438575863, 2.657942195369718]], "stds": [[0.4714045207910317, 1.0, 1.0, 1.0], [0.08998425413316946, 1.0, 1.0, 1.0], [1.0, 0.12495910980775414, 1.0, 1.0], [0.4714045207910317, 1.0, 1.0, 1.0], [0.16666666666666677, 1.0, 1.0, 1.0]], "weights": [[0.75, 0.08333333333333333, 0.08333333333333333, 0.08333333333333333], [0.988, 0.004, 0.004, 0.004], [0.014492753623188406, 0.9565217391304348, 0.014492753623188406, 0.014492753623188406], [0.75, 0.08333333333333333, 0.08333333333333333, 0.08333333333333333], [0.96, 0.013333333333333334, 0.013333333333333334, 0.013333333333333334]]}, "model_9": {"nlabel": 5, "ncomponent": 4, "means": [[-3.4640506035954566, 0.029876396590456895, -8.46696347201706, -8.36101821621963], [1.7346367648448653, 3.6128924676452323, 1.2167974995277293, -2.231736367631569], [0.02208653507781511, 4.324489289267293, 13.676044037395886, -7.810286834919362], [-12.835335184437579, -2.8862421708220602, 1.6439188548563943, 6.310109693836652], [10.017990252782706, 6.070769962637213, -0.0042365408618260806, 0.041220201056052425]], "stds": [[1.0, 0.33744400763096216, 1.0, 1.0], [1.0, 1.0, 1.0, 1.0], [1.0, 1.0, 1.0, 1.0], [1.0, 1.0, 1.0, 1.0], [1.0, 1.0, 0.44930628409669426, 0.44953793213882515]], "weights": [[0.08333333333333333, 0.75, 0.08333333333333333, 0.08333333333333333], [1.0, 1.0, 1.0, 1.0], [1.0, 1.0, 1.0, 1.0], [1.0, 1.0, 1.0, 1.0], [0.05, 0.05, 0.45, 0.45]]}, "model_10": {"nlabel": 5, "ncomponent": 4, "means": [[0.0, -3.0473706750460923, -3.069863595020246, 2.032136011731297], [0.22339313573672076, 3.7787414871728964, -0.15900292017894835, 18.526818176052902], [1.0, 5.0, 1.7931666323350128, -4.5232506386603175], [-4.8287291849419525, -1.5299148392725348, -6.232695230933228, 5.0745292916253435], [-4.060189595425811, 2.339693728698201, 3.43724128268982, 6.10434150138707]], "stds": [[0.02601574428938436, 1.0, 1.0, 1.0], [1.0, 1.0, 1.0, 1.0], [0.3651483716701107, 0.816496580927726, 1.0, 1.0], [1.0, 1.0, 1.0, 1.0], [1.0, 1.0, 1.0, 1.0]], "weights": [[0.9989858012170385, 0.0003380662609871535, 0.0003380662609871535, 0.0003380662609871535], [1.0, 1.0, 1.0, 1.0], [0.75, 0.15, 0.05, 0.05], [1.0, 1.0, 1.0, 1.0], [1.0, 1.0, 1.0, 1.0]]}, "model_11": {"nlabel": 5, "ncomponent": 4, "means": [[1.0, 0.0, 3.46251027795134, -2.509815244500959], [0.0, 1.0, 3.5713578734958853, -0.8117372556998658], [1.0, 0.0023640490130150543, 3.8082695629643086, 1.8511076673099573], [0.0, 1.0, 4.853482013972881, 4.2952344275466], [0.0, 2.785532687811511, -6.901286721166048, -3.7124085487781096]], "stds": [[0.015024434575434644, 0.13363062095621225, 1.0, 1.0], [0.024551430807011963, 0.10783277320343837, 1.0, 1.0], [0.17149858514250887, 0.11550103036183837, 1.0, 1.0], [1.0, 0.408248290463863, 1.0, 1.0], [0.03200921998322416, 1.0, 1.0, 1.0]], "weights": [[0.9872966347225317, 0.0124804992199688, 0.00011143302874972142, 0.00011143302874972142], [0.9501718213058419, 0.049255441008018326, 0.000286368843069874, 0.000286368843069874], [0.4657534246575342, 0.5205479452054794, 0.00684931506849315, 0.00684931506849315], [0.125, 0.75, 0.0625, 0.0625], [0.99846547314578, 0.0005115089514066496, 0.0005115089514066496, 0.0005115089514066496]]}, "model_12": {"nlabel": 5, "ncomponent": 4, "means": [[0.0, -9.119554681128049, 1.4704663137212102, 5.742889235253066], [-14.43137054488127, 4.378432705705807, -1.6956678780332048, 9.98055264394985], [1.2447362370937496, -2.018146896923005, 3.0370244282632926, -0.8801555615405849], [-6.73280249826534, 8.836567585076441, -3.598337688344197, 1.784346269719873], [0.0, -5.554821481694853, 4.177540782821307, -11.737399909824438]], "stds": [[0.4714045207910317, 1.0, 1.0, 1.0], [1.0, 1.0, 1.0, 1.0], [1.0, 1.0, 1.0, 1.0], [1.0, 1.0, 1.0, 1.0], [0.4714045207910317, 1.0, 1.0, 1.0]], "weights": [[0.75, 0.08333333333333333, 0.08333333333333333, 0.08333333333333333], [1.0, 1.0, 1.0, 1.0], [1.0, 1.0, 1.0, 1.0], [1.0, 1.0, 1.0, 1.0], [0.75, 0.08333333333333333, 0.08333333333333333, 0.08333333333333333]]}, "model_13": {"nlabel": 5, "ncomponent": 4, "means": [[8.610268714058935e-05, -2.3903971544112372, -4.771971228752118, 1.5620323050146112], [-7.047325455718591, -0.1600908157301284, -8.169332688463575, -5.241261867391803], [1.0, 0.4008424957056046, -2.675890729813821, -1.2283146434601129], [1.0, 3.0251850231288566, -5.048636227160212, 9.79100558591173], [15.026029891248808, -2.964379065028414, -2.027890688525798, 6.391900489173279]], "stds": [[0.018657554844413674, 1.0, 1.0, 1.0], [1.0, 1.0, 1.0, 1.0], [0.5, 1.0, 1.0, 1.0], [0.3779644730092272, 1.0, 1.0, 1.0], [1.0, 1.0, 1.0, 1.0]], "weights": [[0.9989858012170385, 0.0003380662609871535, 0.0003380662609871535, 0.0003380662609871535], [1.0, 1.0, 1.0, 1.0], [0.7272727272727273, 0.09090909090909091, 0.09090909090909091, 0.09090909090909091], [0.8235294117647058, 0.058823529411764705, 0.058823529411764705, 0.058823529411764705], [1.0, 1.0, 1.0, 1.0]]}, "model_14": {"nlabel": 5, "ncomponent": 4, "means": [[0.0, 3.1920722914285786, 0.9874690806539845, 8.20426697472157], [-1.4158853152455542, -6.099632407299587, -1.262444374281668, -5.397258807231835], [2.0402641659154055, -1.0561846567068065, -2.7000012627203547, -0.8981185202900878], [6.3663786851732205, -2.0225053226621665, 0.02608419366971832, 0.28934106312772595], [2.1055235600486455, -10.08748728106562, -3.2235853165028066, 0.053475987637596964]], "stds": [[0.04517539514526268, 1.0, 1.0, 1.0], [1.0, 1.0, 1.0, 1.0], [1.0, 1.0, 1.0, 1.0], [1.0, 1.0, 1.0, 1.0], [1.0, 1.0, 1.0, 0.34633078776558207]], "weights": [[0.9969481180061037, 0.001017293997965412, 0.001017293997965412, 0.001017293997965412], [1.0, 1.0, 1.0, 1.0], [1.0, 1.0, 1.0, 1.0], [1.0, 1.0, 1.0, 1.0], [0.08333333333333333, 0.08333333333333333, 0.08333333333333333, 0.75]]}, "model_15": {"nlabel": 5, "ncomponent": 4, "means": [[0.0, -3.1240808159470723, 9.665241016761287, 2.4885908651599395], [-1.9010738453630305, 8.56323089016517, 6.978403887955219, 3.3047923760657105], [-3.477609674005187, 0.42361599928493526, -1.9579618559264398, 2.0770500376506686], [5.018844318065593, -4.944405471560498, -11.03123605257484, 7.339405624573228], [0.0, 3.266098925305158, 5.558030543383198, 1.1137613856686455]], "stds": [[0.4714045207910317, 1.0, 1.0, 1.0], [1.0, 1.0, 1.0, 1.0], [1.0, 1.0, 1.0, 1.0], [1.0, 1.0, 1.0, 1.0], [0.4714045207910317, 1.0, 1.0, 1.0]], "weights": [[0.75, 0.08333333333333333, 0.08333333333333333, 0.08333333333333333], [1.0, 1.0, 1.0, 1.0], [1.0, 1.0, 1.0, 1.0], [1.0, 1.0, 1.0, 1.0], [0.75, 0.08333333333333333, 0.08333333333333333, 0.08333333333333333]]}, "model_16": {"nlabel": 5, "ncomponent": 4, "means": [[0.0, 1.5165047037811272, -2.744284014068423, -3.7990827800694116], [-2.9812923020179043, 4.516449664392542, -3.2396365255249995, -3.597979459987096], [4.0, 1.0, 2.4515306321022026, -3.999257133422873], [1.0, 4.0, 2.0, -6.234515057234676], [2.0221846622071418, 3.7475326940155576, -2.0580849381571125, 5.006153653382003]], "stds": [[0.02602896031476785, 1.0, 1.0, 1.0], [1.0, 1.0, 1.0, 1.0], [0.6324555320336759, 0.7071067811865476, 1.0, 1.0], [0.5345224838248488, 0.6324555320336759, 1.0, 1.0], [1.0, 1.0, 1.0, 1.0]], "weights": [[0.9989847715736041, 0.00033840947546531303, 0.00033840947546531303, 0.00033840947546531303], [1.0, 1.0, 1.0, 1.0], [0.45454545454545453, 0.36363636363636365, 0.09090909090909091, 0.09090909090909091], [0.4666666666666667, 0.3333333333333333, 0.13333333333333333, 0.06666666666666667], [1.0, 1.0, 1.0, 1.0]]}, "model_17": {"nlabel": 5, "ncomponent": 4, "means": [[2.045864946773639e-05, -7.039614819583704, -1.111447305310856, -2.40471375632827], [-3.8052471802020578, 0.7084783008031272, 3.5972868147446118, 4.942947750267853], [2.0, 4.592549932522532, 0.8456054624447168, 1.043452341711739], [1.0, 3.1611444581347756, 2.1849683970758913, 3.7717288085455998], [-2.546830891543674, 3.099382273779682, 0.14302385264622408, -8.042268209789984]], "stds": [[0.018410780064275573, 1.0, 1.0, 1.0], [1.0, 1.0, 1.0, 1.0], [0.816496580927726, 1.0, 0.7115770188525052, 0.7115538622876307], [1.0, 1.0, 0.7131292498412937, 1.0], [1.0, 1.0, 1.0, 1.0]], "weights": [[0.9989858012170385, 0.0003380662609871535, 0.0003380662609871535, 0.0003380662609871535], [1.0, 1.0, 1.0, 1.0], [0.3, 0.1, 0.3, 0.3], [0.3333333333333333, 0.16666666666666666, 0.3333333333333333, 0.16666666666666666], [1.0, 1.0, 1.0, 1.0]]}, "model_18": {"nlabel": 5, "ncomponent": 4, "means": [[0.0, 1.0, 2.0826266789552332, 6.6340196394223465], [-1.7408682236073014, 5.03173452349542, -3.964299209167106, 1.3695174621910318], [2.0, 1.0, 6.224241480256939, 5.572169157931315], [1.0, -4.662934957395047, -4.9006122989474195, -2.7164910778290716], [0.19881596546964614, -2.3969481005685225, 10.60544659719965, -2.1458695346837104]], "stds": [[0.026037782196164948, 0.6324555320336759, 1.0, 1.0], [1.0, 1.0, 1.0, 1.0], [0.816496580927726, 0.5345224838248488, 1.0, 1.0], [1.0, 1.0, 1.0, 1.0], [1.0, 1.0, 1.0, 1.0]], "weights": [[0.9976327358809605, 0.0016909029421711193, 0.00033818058843422386, 0.00033818058843422386], [1.0, 1.0, 1.0, 1.0], [0.25, 0.5833333333333334, 0.08333333333333333, 0.08333333333333333], [0.25, 0.25, 0.25, 0.25], [1.0, 1.0, 1.0, 1.0]]}, "model_19": {"nlabel": 5, "ncomponent": 4, "means": [[0.0, -7.977347424229336, -10.541324184020953, 7.265035191442898], [0.0, 5.938350582097169, -3.8363252073237812, 11.062040831334848], [0.0, 11.50659817139394, 3.6716398135554824, -2.3356499948815914], [0.0, -6.310052677345061, -1.2215706353444449, 2.235702775454926], [0.0, 2.0349206012695524, -3.974516672555935, 1.4226759088124574]], "stds": [[0.11952286093343943, 1.0, 1.0, 1.0], [0.014073344364025098, 1.0, 1.0, 1.0], [0.03468961565679809, 1.0, 1.0, 1.0], [0.13801311186847096, 1.0, 1.0, 1.0], [0.023186944788008576, 1.0, 1.0, 1.0]], "weights": [[0.9790209790209791, 0.006993006993006993, 0.006993006993006993, 0.006993006993006993], [0.9997029997029997, 9.9000099000099e-05, 9.9000099000099e-05, 9.9000099000099e-05], [0.9981981981981982, 0.0006006006006006006, 0.0006006006006006006, 0.0006006006006006006], [0.9722222222222222, 0.009259259259259259, 0.009259259259259259, 0.009259259259259259], [0.9991941982272361, 0.00026860059092130003, 0.00026860059092130003, 0.00026860059092130003]]}, "model_20": {"nlabel": 5, "ncomponent": 4, "means": [[0.0, -3.1817267432632024, 0.7517258384577341, -3.784591511264393], [0.0, 5.09490033321617, -2.900688610551361, 5.2867402582187895], [7.281110565206782, -5.111955132256917, 5.0754014077451, -0.9204724087726225], [0.8981893833710947, 3.6049939423901667, -2.8537561450709044, 0.38941328427026933], [7.339211367232909, -2.484420437691199, 7.0194723170312, 6.052282633354467]], "stds": [[0.34299717028501764, 1.0, 1.0, 1.0], [0.4714045207910317, 1.0, 1.0, 1.0], [1.0, 1.0, 1.0, 1.0], [1.0, 1.0, 1.0, 1.0], [1.0, 1.0, 1.0, 1.0]], "weights": [[0.85, 0.05, 0.05, 0.05], [0.75, 0.08333333333333333, 0.08333333333333333, 0.08333333333333333], [1.0, 1.0, 1.0, 1.0], [1.0, 1.0, 1.0, 1.0], [1.0, 1.0, 1.0, 1.0]]}, "model_21": {"nlabel": 5, "ncomponent": 4, "means": [[1.0, -2.582093525781017, -9.226685806971039e-05, 4.819049721671548], [0.0, -4.580887258317677, 1.006689119480975, 0.9892983279921269], [1.0, 0.0, 2.949886673061146, 5.995690784939169], [-3.3516016657037206, -0.008356849165634714, 8.876559412223404, -3.8912976159783286], [0.0, -6.800123181373508, -6.115744694704569, -5.653290989190425]], "stds": [[0.7071067811865476, 1.0, 0.015060526043764684, 1.0], [0.04578685464956312, 1.0, 1.0, 1.0], [0.08821621827824615, 0.19069251784911848, 1.0, 1.0], [1.0, 0.16364347567633805, 1.0, 1.0], [0.08737040566610378, 1.0, 1.0, 1.0]], "weights": [[0.0008340283569641367, 0.0002085070892410342, 0.9987489574645538, 0.0002085070892410342], [0.9968652037617555, 0.0010449320794148381, 0.0010449320794148381, 0.0010449320794148381], [0.8184713375796179, 0.1751592356687898, 0.0031847133757961785, 0.0031847133757961785], [0.023809523809523808, 0.9285714285714286, 0.023809523809523808, 0.023809523809523808], [0.9886792452830189, 0.0037735849056603774, 0.0037735849056603774, 0.0037735849056603774]]}, "model_22": {"nlabel": 5, "ncomponent": 4, "means": [[7.0, 3.0, 3.7044051781916036, 2.0882267915044177], [5.0, -8.824233144507023, -6.110803324322314, -4.371521757423491], [1.8208790214268804, 12.247659926976597, 11.450799431224805, -3.3833236500358623], [-0.14331167282409807, -5.247273249441592, 8.447132934857095, 1.438215716508746], [-1.726527657444844, -0.8989774402456241, 1.5542896821515964, 1.7341320326290828]], "stds": [[0.4714045207910317, 0.4714045207910317, 1.0, 1.0], [0.4714045207910317, 1.0, 1.0, 1.0], [1.0, 1.0, 1.0, 1.0], [1.0, 1.0, 1.0, 1.0], [1.0, 1.0, 1.0, 1.0]], "weights": [[0.45, 0.45, 0.05, 0.05], [0.75, 0.08333333333333333, 0.08333333333333333, 0.08333333333333333], [1.0, 1.0, 1.0, 1.0], [1.0, 1.0, 1.0, 1.0], [1.0, 1.0, 1.0, 1.0]]}, "model_23": {"nlabel": 5, "ncomponent": 4, "means": [[28.0, 19.0, 3.0, 8.0], [4.0, 2.0, 3.0, 4.998461625413583], [1.0, 2.0, 8.40677490135597, 7.985079852069087], [3.0, 2.0, 0.9902387949438739, -0.9853572523541634], [1.0, 3.0, 2.0, 4.0]], "stds": [[1.0, 1.0, 1.0, 0.9992500936328139], [0.10259783520851541, 0.9755064854862864, 0.5477225575051661, 0.059568129348135615], [0.08032193289024993, 0.31622776601683794, 1.0, 1.0], [1.0, 1.0, 0.20239411026464454, 1.0], [0.06942101345006228, 0.6859943405700353, 0.4303314829119352, 0.7071067811865476]], "weights": [[0.25028100412139376, 0.2499063319595354, 0.2499063319595354, 0.2499063319595354], [0.29595015576323985, 0.09657320872274143, 0.12461059190031153, 0.48286604361370716], [0.9337349397590361, 0.060240963855421686, 0.0030120481927710845, 0.0030120481927710845], [0.06666666666666667, 0.06666666666666667, 0.8333333333333334, 0.03333333333333333], [0.8848614072494669, 0.03624733475479744, 0.057569296375266525, 0.021321961620469083]]}, "model_24": {"nlabel": 5, "ncomponent": 4, "means": [[1.8979833774768082e-05, 0.0003104625925048767, -4.258713556112339, 6.840211838986554], [0.0, 0.22000000000000006, -3.184848284886619, -8.095367864652692], [0.0, 1.0, 13.936715724581036, -2.9780778590873247], [0.0, -3.660007503304128, -1.3346713688279597, -14.710579940773167], [0.961875, 0.18166666627091008, 0.04295597651893119, 0.029408982735674973]], "stds": [[0.030817890262324073, 0.035936988006474976, 1.0, 1.0], [0.04032389192727564, 0.2963592578733185, 1.0, 1.0], [0.08962214298964412, 1.0, 1.0, 1.0], [0.25819888974716115, 1.0, 1.0, 1.0], [0.3599438910450272, 0.15956365501449815, 0.37665299374052735, 0.10926799600793743]], "weights": [[0.5366064981949459, 0.4631046931407942, 0.0001444043321299639, 0.0001444043321299639], [0.9800796812749004, 0.018326693227091632, 0.0007968127490039841, 0.0007968127490039841], [0.9841897233201581, 0.007905138339920948, 0.003952569169960474, 0.003952569169960474], [0.9090909090909091, 0.030303030303030304, 0.030303030303030304, 0.030303030303030304], [0.030418250950570342, 0.2509505703422053, 0.1634980988593156, 0.5551330798479087]]}, "model_25": {"nlabel": 5, "ncomponent": 4, "means": [[0.00011851850590588135, 0.0009727626654514297, 0.03809915400717024, -0.0005853090098336724], [0.003938114889677134, 0.00676056420573001, -0.0005627474911169379, 0.033998145414062916], [0.0, 1.0, -5.303871360935132, 7.234666782468904], [-4.9170073112651815, 2.1394127512120744, -3.9553909273642414, -0.013662685042102827], [0.9787096774193549, 4.823803581701849, 0.00013142291120783056, -1.3056001581642362]], "stds": [[0.0544608903118571, 0.06361027502920677, 0.47238783933212636, 0.03619466198687483], [0.10917475588191784, 0.15327019302874376, 0.05990366332800269, 0.4963671617278615], [0.10206207261596575, 1.0, 1.0, 1.0], [1.0, 1.0, 1.0, 0.2046640838070644], [0.2624659792849494, 1.0, 0.137361977979884, 1.0]], "weights": [[0.30033165458788846, 0.25918191868320845, 0.117798796216681, 0.3226876305122221], [0.28577319587628863, 0.20783505154639176, 0.3331958762886598, 0.1731958762886598], [0.9795918367346939, 0.01020408163265306, 0.00510204081632653, 0.00510204081632653], [0.03571428571428571, 0.03571428571428571, 0.03571428571428571, 0.8928571428571429], [0.36046511627906974, 0.011627906976744186, 0.6162790697674418, 0.011627906976744186]]}, "model_26": {"nlabel": 5, "ncomponent": 4, "means": [[0.0, -1.3242799796123605, 12.16305703206541, 3.7908105122258395], [0.004598539921930748, 0.006528497041389324, 0.03951219684918953, 0.3876922977334403], [0.007721880797040845, -0.010220735090404795, 2.4883828587460624, 0.011643000759088914], [0.0, -2.0745007318063373, -3.3454642740914347, 5.758475428784594], [0.0, 0.73, -0.679331709379153, 0.8907044579846919]], "stds": [[0.4714045207910317, 1.0, 1.0, 1.0], [0.14992286057688534, 0.17810629100038988, 0.2787411359140456, 0.8808216361857142], [0.2206427453995512, 0.22158087785917766, 1.0, 0.22223148000349852], [0.4714045207910317, 1.0, 1.0, 1.0], [0.23570226039551584, 1.0, 1.0, 0.24562721050340305]], "weights": [[0.75, 0.08333333333333333, 0.08333333333333333, 0.08333333333333333], [0.38620689655172413, 0.32241379310344825, 0.1793103448275862, 0.11206896551724138], [0.33152173913043476, 0.33152173913043476, 0.005434782608695652, 0.33152173913043476], [0.75, 0.08333333333333333, 0.08333333333333333, 0.08333333333333333], [0.631578947368421, 0.03508771929824561, 0.017543859649122806, 0.3157894736842105]]}, "model_27": {"nlabel": 5, "ncomponent": 4, "means": [[0.0, 1.0007135988465825, 5.321214745417918, 1.8750205087161707], [0.03330966957467941, 0.022439555101322502, 0.323052119996929, 0.02147741316915688], [1.0, 0.000547173006324837, 0.5, 0.00485436904320672], [0.0, 1.0, -6.184733062086375, -7.867881492883225], [0.0015630061247144166, 0.4895069263194669, 1.0000209598580327, -0.0008518433817721533]], "stds": [[0.007198996817700431, 0.13612566573578103, 1.0, 1.0], [0.36738153623771463, 0.15458923287426826, 0.5675554136088363, 0.17807079962220507], [0.10454167469786335, 0.035643604270386695, 0.3244428422615251, 0.09935843496956191], [0.15523010514126662, 0.4714045207910317, 1.0, 1.0], [0.046202152826116796, 0.2569372558063259, 0.011260703871578051, 0.04462656957388642]], "weights": [[0.9985509871400109, 0.0013972624007038063, 2.587522964266308e-05, 2.587522964266308e-05], [0.22003078150829392, 0.35461437610442914, 0.06971441600638431, 0.35564042638089266], [0.11220110361741263, 0.6413243408951563, 0.011649294911097487, 0.23482526057633354], [0.8829787234042553, 0.09574468085106383, 0.010638297872340425, 0.010638297872340425], [0.11190776087588412, 0.0031004747601976555, 0.773568452669315, 0.11142331169460323]]}, "model_28": {"nlabel": 5, "ncomponent": 4, "means": [[0.999989063069835, 0.5, 0.9998129934933491, 0.9997415817963712], [0.9984040031778513, 0.9988651715860667, 0.9983208954622286, -3.470848616359559], [1.0, 0.568, 3.015327145589838, 2.3551015208604262], [0.629090909090909, 1.0, 0.01, 1.6387329193077647], [-0.0009279528248853236, 0.6792150621188989, 0.1705380058805622, 0.9989763439199166]], "stds": [[0.023388225912583462, 0.5773502691896257, 0.029106881480819868, 0.048563171782797614], [0.04350891256875031, 0.0426692110359721, 0.055567946432983774, 1.0], [0.05817297271631508, 0.6356910236113138, 1.0, 1.0], [0.43851613148208224, 0.23904572186687872, 1.0, 1.0], [0.0865634371273198, 0.8527729698509372, 0.6035184435218738, 0.8031468822081903]], "weights": [[0.4578912466843501, 0.0003978779840848806, 0.3743368700265252, 0.1673740053050398], [0.3775209340724142, 0.3728033966269607, 0.24955773086448874, 0.00011793843613633684], [0.9882943143812709, 0.008361204013377926, 0.0016722408026755853, 0.0016722408026755853], [0.22448979591836735, 0.7142857142857143, 0.04081632653061224, 0.02040816326530612], [0.23375996136198987, 0.24655880222168558, 0.24148756339048538, 0.2781936730258392]]}, "model_29": {"nlabel": 5, "ncomponent": 4, "means": [[1.4960726793354757e-05, 4.8260601074219466e-05, 0.0007331296219358367, 0.00136787798591195], [0.0, 0.4583333333333335, 6.437589283423629, 2.28474335835629], [0.0, 1.401798957540699, -2.1231797885958046, 2.926080016385157], [0.9175, 0.0, 0.5, -5.72480350413724], [0.9991787439614743, 0.71, 0.05809956419011545, 0.0015533975037458334]], "stds": [[0.0315883726166334, 0.040119979622508926, 0.0483795414001317, 0.12890492311590696], [0.031023602427885044, 0.29241141177479796, 1.0, 1.0], [0.07312724241271305, 1.0, 1.0, 1.0], [0.7136825894903607, 0.22941573387056177, 1.0, 1.0], [0.05705460663281646, 1.0, 0.39284836684888824, 0.09932531832846]], "weights": [[0.3717807054823629, 0.3060773480662983, 0.246748831279218, 0.0753931151721207], [0.9876425855513308, 0.011406844106463879, 0.0004752851711026616, 0.0004752851711026616], [0.9920424403183024, 0.002652519893899204, 0.002652519893899204, 0.002652519893899204], [0.08888888888888889, 0.8444444444444444, 0.044444444444444446, 0.022222222222222223], [0.48522550544323484, 0.042768273716951785, 0.17418351477449456, 0.2978227060653188]]}, "model_30": {"nlabel": 5, "ncomponent": 4, "means": [[0.9993971782401283, 0.06910324240448933, 0.03037903359157511, 0.04321951523291335], [-2.747727463471918, -1.7141398390871614, -6.143791371977678, 4.370180334965789], [0.30767258251976215, -1.2897222069971854, -7.062040076889174, 7.561232690969916], [0.33290185779381154, 10.353183608588992, 2.300374100647021, 4.9557463866004], [-0.40316719430397174, -5.892282274887972, -1.8153286144583434, -4.194352950310563]], "stds": [[0.9991852232609937, 0.460946610635189, 0.1588094960545692, 0.16663152115747412], [1.0, 1.0, 1.0, 1.0], [1.0, 1.0, 1.0, 1.0], [1.0, 1.0, 1.0, 1.0], [1.0, 1.0, 1.0, 1.0]], "weights": [[0.14212416623909696, 0.31233966136480246, 0.2677013853258081, 0.27783478707029247], [1.0, 1.0, 1.0, 1.0], [1.0, 1.0, 1.0, 1.0], [1.0, 1.0, 1.0, 1.0], [1.0, 1.0, 1.0, 1.0]]}, "model_31": {"nlabel": 5, "ncomponent": 4, "means": [[232.0, 255.0, 225.0, 234.0], [191.0, 158.0, 43.0, 157.0], [8.0, 209.0, 215.0, 108.0], [2.0, 1.0, 69.0, 11.696174737395795], [1.0, 2.0, 3.0, 174.0]], "stds": [[0.9380831519646857, 0.08574929257125442, 1.0, 1.0], [1.0, 1.0, 1.0, 1.0], [1.0, 1.0, 1.0, 1.0], [0.6324555320336759, 0.816496580927726, 1.0, 1.0], [0.30151134457776363, 0.5345224838248488, 1.0, 1.0]], "weights": [[0.07246376811594203, 0.7884057971014493, 0.06956521739130435, 0.06956521739130435], [0.2619047619047619, 0.2619047619047619, 0.23809523809523808, 0.23809523809523808], [0.2619047619047619, 0.2619047619047619, 0.23809523809523808, 0.23809523809523808], [0.5, 0.3, 0.1, 0.1], [0.5789473684210527, 0.18421052631578946, 0.13157894736842105, 0.10526315789473684]]}, "model_32": {"nlabel": 5, "ncomponent": 4, "means": [[255.0, 7.660903699940832, -0.14757820241074215, 8.54022099338605], [2.833663383173758, 1.2377970646379002, -4.137640578502288, 2.7248648286372985], [-1.2151298703807236, 1.454147132064715, 6.793420669339104, -4.276383189014032], [-3.9760427014639177, -1.6759118902250403, -4.636512165612369, 3.774803337508552], [1.5332498883907237, -1.3174334142143398, 5.530358259529363, 1.4207502863508932]], "stds": [[0.4714045207910317, 1.0, 1.0, 1.0], [1.0, 1.0, 1.0, 1.0], [1.0, 1.0, 1.0, 1.0], [1.0, 1.0, 1.0, 1.0], [1.0, 1.0, 1.0, 1.0]], "weights": [[0.75, 0.08333333333333333, 0.08333333333333333, 0.08333333333333333], [1.0, 1.0, 1.0, 1.0], [1.0, 1.0, 1.0, 1.0], [1.0, 1.0, 1.0, 1.0], [1.0, 1.0, 1.0, 1.0]]}, "model_33": {"nlabel": 5, "ncomponent": 4, "means": [[0.9959795729484228, 1.000445041012498, 0.992557269971692, 0.21999999999999997], [-1.3139786296827154, 0.33256791401995833, 10.676063594303077, 0.41345974814107045], [-4.445199675713051, -5.206882710164211, 0.19565319257822036, 1.9082450423784976], [7.623941224801643, -5.328228577524308, -5.789806619837594, 1.2494945663180939], [3.969261715316599, 3.378249750347821, -4.396044079992673, 0.4089358565429307]], "stds": [[0.07829604957611051, 0.051553699756194275, 0.08645042263638184, 1.0], [1.0, 1.0, 1.0, 1.0], [1.0, 1.0, 1.0, 1.0], [1.0, 1.0, 1.0, 1.0], [1.0, 1.0, 1.0, 1.0]], "weights": [[0.2693738375697458, 0.2711303988427361, 0.2676172762967555, 0.19187848729076257], [1.0, 1.0, 1.0, 1.0], [1.0, 1.0, 1.0, 1.0], [1.0, 1.0, 1.0, 1.0], [1.0, 1.0, 1.0, 1.0]]}, "model_34": {"nlabel": 5, "ncomponent": 4, "means": [[0.0, 5.487459734215577, -3.1529534435579887, -1.539305964360641], [-2.5888979711965106, -4.397052634969046, 0.9516038848566727, 2.101007804862088], [-3.756890132118232, -3.8976345656169533, 2.2277358873159065, 2.998810381645522], [-0.09454769578489464, -1.5869979117649042, 1.5645071967974684, 0.8548322203250501], [0.0, 5.640775037427328, -3.3119528359108674, -2.3301107495804927]], "stds": [[0.4714045207910317, 1.0, 1.0, 1.0], [1.0, 1.0, 1.0, 1.0], [1.0, 1.0, 1.0, 1.0], [1.0, 1.0, 1.0, 1.0], [0.4714045207910317, 1.0, 1.0, 1.0]], "weights": [[0.75, 0.08333333333333333, 0.08333333333333333, 0.08333333333333333], [1.0, 1.0, 1.0, 1.0], [1.0, 1.0, 1.0, 1.0], [1.0, 1.0, 1.0, 1.0], [0.75, 0.08333333333333333, 0.08333333333333333, 0.08333333333333333]]}, "model_35": {"nlabel": 5, "ncomponent": 4, "means": [[0.9985396560724267, 0.13705169043179818, 0.01905603137030231, 0.029370813436931615], [4.132897145083364, 2.359729719957169, -4.763449589176454, -3.861651060536242], [2.1871346297872565, -1.496145538524597, -6.813731006994493, 0.7585639683718066], [7.427699087280214, -4.882745588423373, 1.7657106493104304, 2.9574097460127073], [4.202540698006932, 3.011073904152867, 2.7392782477538953, -5.62693438496426]], "stds": [[0.9695302637361877, 0.9246612089541223, 0.11345676649617659, 0.11823024515895324], [1.0, 1.0, 1.0, 1.0], [1.0, 1.0, 1.0, 1.0], [1.0, 1.0, 1.0, 1.0], [1.0, 1.0, 1.0, 1.0]], "weights": [[0.2302862615728424, 0.25912525274023623, 0.25497499201872936, 0.25561349366819197], [1.0, 1.0, 1.0, 1.0], [1.0, 1.0, 1.0, 1.0], [1.0, 1.0, 1.0, 1.0], [1.0, 1.0, 1.0, 1.0]]}, "model_36": {"nlabel": 5, "ncomponent": 4, "means": [[0.01732787514092753, 0.02203304809929929, 0.023178632711867604, 0.08191284605969906], [0.0, -7.3238603000309155, -4.517754976258268, -1.0984585227688233], [0.00593220341113747, 0.2943955491336106, 0.07064142392901542, 0.308571438151221], [0.04, 1.0, -4.458843289630894, 0.6918938460647518], [1.0, 0.5037714285714285, 0.23583333333333334, 0.0]], "stds": [[0.06453501269106553, 0.07582048903364225, 0.0967035442937206, 0.5014451197185773], [0.05778319966569883, 1.0, 1.0, 1.0], [0.18541801818329748, 0.3169706789750663, 0.2185939496860903, 0.5506833342945573], [0.6334221282782854, 0.816496580927726, 1.0, 0.44795776724425923], [0.16666666666666666, 0.10758516778173824, 0.2948403589449169, 0.13363062095621225]], "weights": [[0.24759122591225913, 0.258610086100861, 0.25153751537515373, 0.2422611726117261], [0.9950166112956811, 0.0016611295681063123, 0.0016611295681063123, 0.0016611295681063123], [0.43005181347150256, 0.16062176165803108, 0.37305699481865284, 0.03626943005181347], [0.35714285714285715, 0.21428571428571427, 0.07142857142857142, 0.35714285714285715], [0.18798955613577023, 0.45691906005221933, 0.06266318537859007, 0.2924281984334204]]}, "model_37": {"nlabel": 5, "ncomponent": 4, "means": [[0.00021355028954928, 0.0003928293132482803, 0.0006326630625116364, 0.012737235510984693], [3.083260757587476, -8.0488436463456, 1.4985117696946506, 1.2363102128117334], [0.6033333333333334, 8.857827488083279, 0.0633131376001124, 10.12346263367975], [5.662202130637589, 4.383960654259407, 9.461411852508046, 1.1330906863370078], [0.9799999999999999, -3.128353133189463, 0.3124543365395476, -5.403121340826331]], "stds": [[0.03909245895938436, 0.04334880647043001, 0.054498640958083995, 0.24577700908543498], [1.0, 1.0, 1.0, 1.0], [0.8166477700005759, 1.0, 1.0, 1.0], [1.0, 1.0, 1.0, 1.0], [0.39317220821335386, 1.0, 0.3550759932701337, 1.0]], "weights": [[0.3020671433012123, 0.282483680447622, 0.22116879079888094, 0.19428038545228474], [1.0, 1.0, 1.0, 1.0], [0.5, 0.16666666666666666, 0.16666666666666666, 0.16666666666666666], [1.0, 1.0, 1.0, 1.0], [0.5652173913043478, 0.043478260869565216, 0.34782608695652173, 0.043478260869565216]]}, "model_38": {"nlabel": 5, "ncomponent": 4, "means": [[0.00025423728947144344, 5.111069023186961, 4.677380057707946e-05, -0.5274619335739094], [0.0003258655914212465, -1.1728835210710251, 0.9042810626428559, 0.0003476075059451245], [0.006189515478327003, 0.00788841307368501, 0.6139080402092487, 0.004828523796497327], [0.015624999999999997, -3.8416996787078217, -2.6255586290828465, -1.150792128275406], [0.5, 1.0028836588449956, 0.003471925676006871, 0.0]], "stds": [[0.038433470864318725, 1.0, 0.022109501482818327, 1.0], [0.052139795391277555, 1.0, 0.5784114629193768, 0.016987189328241364], [0.09145253343423845, 0.09588953541393402, 0.989742564646433, 0.12846009164520755], [0.1846256644385062, 1.0, 1.0, 1.0], [1.0, 0.11506683379924723, 0.32605308599786337, 0.03472096593690286]], "weights": [[0.43575238403103284, 0.00016162922256343946, 0.5639243575238403, 0.00016162922256343946], [0.24226110363391656, 0.00016823687752355316, 0.0005047106325706595, 0.7570659488559892], [0.3456678700361011, 0.3434115523465704, 0.048736462093862815, 0.2621841155234657], [0.9552238805970149, 0.014925373134328358, 0.014925373134328358, 0.014925373134328358], [0.06836569579288027, 0.06957928802588997, 0.1156957928802589, 0.7463592233009708]]}, "model_39": {"nlabel": 5, "ncomponent": 4, "means": [[1.0, 0.00010373027112637275, 4.451361033747499, 2.1840617813380883], [0.007553820505068039, 0.011379606268417278, 0.0028811991732151676, 0.024170233172824615], [0.005211776655783622, 0.00804948255616079, 0.9400000000000001, 0.0027844778452421164], [0.7149999999999999, 0.00504141771200744, 0.019999999870256375, 0.04250000580431911], [0.8809656641391664, 0.2806668125933966, 0.9229854533238927, 0.817551626537105]], "stds": [[0.408248290463863, 0.01988890535088576, 1.0, 1.0], [0.03444527529007079, 0.0377947038258255, 0.024764548233493208, 0.2316770419762743], [0.07990693534142317, 0.08613363589784102, 0.9991492979907983, 0.05079295458441398], [0.5002714899657905, 0.1277520392656463, 0.23257622021289603, 0.4126588106885394], [0.3969126191413966, 0.8048457453182285, 0.16117855349711, 0.561609904960923]], "weights": [[0.004573170731707317, 0.9946646341463414, 0.00038109756097560977, 0.00038109756097560977], [0.25879651516174784, 0.24802458296751537, 0.24579590734112244, 0.24738299452961438], [0.2923503089708076, 0.274025143831238, 0.12529298955891754, 0.30833155763903686], [0.041884816753926704, 0.5445026178010471, 0.3507853403141361, 0.06282722513089005], [0.2749400479616307, 0.22565947242206236, 0.22877697841726619, 0.2706235011990408]]}, "model_40": {"nlabel": 5, "ncomponent": 4, "means": [[0.0, 0.6156494793695417, 1.1830502940055803, 1.9490923365227018], [0.00828754773623846, 0.00915996969939414, 0.017323780857554535, 0.03342048974950361], [0.00010791366906474838, 0.9445821760420983, 0.9079730349522626, 16.084647435182607], [0.049032256432061765, 0.037500002379977984, 1.103947106478478, 10.743328453986896], [1.0, 0.00013793103343034963, 0.0048056537478212745, 0.5]], "stds": [[0.027896417632583704, 1.0, 1.0, 1.0], [0.046406609904978975, 0.05377830186482319, 0.06312029086772004, 0.37039094453168225], [0.05999359752313069, 0.24036615510851803, 0.2880211090815349, 1.0], [0.26055947424087317, 0.35948517633500976, 1.0, 1.0], [0.04499212706658487, 0.08306190228381885, 0.09095143645637767, 0.6324555320336759]], "weights": [[0.9988340458608628, 0.000388651379712398, 0.000388651379712398, 0.000388651379712398], [0.30053610848312834, 0.27257437191212025, 0.24240512982234835, 0.18448438978240303], [0.8714733542319749, 0.06426332288401254, 0.06269592476489028, 0.001567398119122257], [0.6923076923076923, 0.27692307692307694, 0.015384615384615385, 0.015384615384615385], [0.46758163748225273, 0.2692853762423095, 0.26076668244202555, 0.00236630383341221]]}}